{"fl_x": 888.888916015625, "fl_y": 888.888916015625, "cx": 320.0, "cy": 240.0, "w": 640, "h": 480, "frames": [{"transform_matrix": [[0.9320324063301086, -0.36056309938430786, 0.03619218245148659, 0.12011420726776123], [0.3623749613761902, 0.9273722171783447, -0.09308668971061707, -0.17876465618610382], [6.558784626520264e-10, 0.09987495094537735, 0.9950000047683716, 0.17361804842948914], [0.0, 0.0, 0.0, 1.0]], "file_path": "images/0", "depth_path": "images/0.depth.png"}, {"transform_matrix": [[-0.4424710273742676, 0.8833310604095459, -0.1547437608242035, 0.005552648566663265], [-0.8967828154563904, -0.43583396077156067, 0.07635029405355453, -0.07710248976945877], [-6.449099920757817e-09, 0.17255434393882751, 0.9850000143051147, 0.1676180511713028], [0.0, 0.0, 0.0, 1.0]], "file_path": "images/1", "depth_path": "images/1.depth.png"}, {"transform_matrix": [[-0.2795039713382721, -0.9361408352851868, 0.21334883570671082, 0.2264081835746765], [0.9601445198059082, -0.2725163400173187, 0.06210711598396301, -0.08564840257167816], [3.786502134062175e-08, 0.22220489382743835, 0.9749999642372131, 0.16161803901195526], [0.0, 0.0, 0.0, 1.0]], "file_path": "images/2", "depth_path": "images/2.depth.png"}, {"transform_matrix": [[0.8546656966209412, 0.5010074377059937, -0.13615454733371735, 0.016706183552742004], [-0.5191787481307983, 0.8247523903846741, -0.22413598001003265, -0.2573942542076111], [-7.452680250708e-09, 0.2622498869895935, 0.9649999141693115, 0.15561804175376892], [0.0, 0.0, 0.0, 1.0]], "file_path": "images/3", "depth_path": "images/3.depth.png"}, {"transform_matrix": [[-0.9809041023254395, 0.18573997914791107, -0.05768749862909317, 0.06378639489412308], [-0.19449211657047272, -0.9367634057998657, 0.29094189405441284, 0.051652438938617706], [3.833876771608402e-09, 0.2966058552265167, 0.9549999833106995, 0.14961804449558258], [0.0, 0.0, 0.0, 1.0]], "file_path": "images/4", "depth_path": "images/4.depth.png"}, {"transform_matrix": [[0.5919104814529419, -0.7616734504699707, 0.26361989974975586, 0.25657084584236145], [0.8060036897659302, 0.5593553185462952, -0.19359636306762695, -0.23907047510147095], [-3.148097782457171e-09, 0.32707029581069946, 0.9449999928474426, 0.14361804723739624], [0.0, 0.0, 0.0, 1.0]], "file_path": "images/5", "depth_path": "images/5.depth.png"}, {"transform_matrix": [[0.10799116641283035, 0.929531991481781, -0.3525736927986145, -0.11314529925584793], [-0.9941518306732178, 0.10097172856330872, -0.038298849016427994, -0.1458919793367386], [-3.0811794005103366e-08, 0.3546477258205414, 0.9350000023841858, 0.1376180499792099], [0.0, 0.0, 0.0, 1.0]], "file_path": "images/6", "depth_path": "images/6.depth.png"}, {"transform_matrix": [[-0.7511693239212036, -0.6106013059616089, 0.2508199214935303, 0.24889086186885834], [0.6601095199584961, -0.6948316097259521, 0.28541967272758484, 0.0483391173183918], [-1.1114560827252262e-08, 0.3799671232700348, 0.925000011920929, 0.13161805272102356], [0.0, 0.0, 0.0, 1.0]], "file_path": "images/7", "depth_path": "images/7.depth.png"}, {"transform_matrix": [[0.9997864961624146, -0.018906941637396812, 0.008336699567735195, 0.10340093076229095], [0.020663326606154442, 0.9148045778274536, -0.4033677279949188, -0.3649332821369171], [4.038906709080692e-10, 0.40345385670661926, 0.9149999618530273, 0.12561804056167603], [0.0, 0.0, 0.0, 1.0]], "file_path": "images/8", "depth_path": "images/8.depth.png"}, {"transform_matrix": [[-0.7232535481452942, 0.624977171421051, -0.2937817871570587, -0.07787017524242401], [-0.6905825734138489, -0.654544472694397, 0.3076804280281067, 0.06169559806585312], [-9.350972218769016e-10, 0.4254116117954254, 0.9049999117851257, 0.11961804330348969], [0.0, 0.0, 0.0, 1.0]], "file_path": "images/9", "depth_path": "images/9.depth.png"}, {"transform_matrix": [[0.06682271510362625, -0.892999529838562, 0.44506916403770447, 0.36544036865234375], [0.9977648258209229, 0.05980631709098816, -0.02980739064514637, -0.14079710841178894], [3.8140580471690555e-08, 0.4460662007331848, 0.8949999809265137, 0.11361804604530334], [0.0, 0.0, 0.0, 1.0]], "file_path": "images/10", "depth_path": "images/10.depth.png"}, {"transform_matrix": [[0.6247073411941528, 0.6910601854324341, -0.3635609447956085, -0.1197376400232315], [-0.7808589339256287, 0.5528659820556641, -0.2908581495285034, -0.29742753505706787], [-7.318993855420786e-09, 0.46559104323387146, 0.8849999904632568, 0.107618048787117], [0.0, 0.0, 0.0, 1.0]], "file_path": "images/11", "depth_path": "images/11.depth.png"}, {"transform_matrix": [[-0.988102376461029, -0.13457274436950684, 0.0744568482041359, 0.14307299256324768], [0.15379741787910461, -0.8645896315574646, 0.4783630073070526, 0.16410516202449799], [-1.4909051770928272e-09, 0.4841229021549225, 0.875, 0.10161804407835007], [0.0, 0.0, 0.0, 1.0]], "file_path": "images/12", "depth_path": "images/12.depth.png"}, {"transform_matrix": [[0.8324845433235168, -0.4792517125606537, 0.27800580859184265, 0.2652024030685425], [0.5540482401847839, 0.720099151134491, -0.4177173376083374, -0.37354305386543274], [-7.993175010767573e-09, 0.501771867275238, 0.8650000095367432, 0.09561804682016373], [0.0, 0.0, 0.0, 1.0]], "file_path": "images/13", "depth_path": "images/13.depth.png"}, {"transform_matrix": [[-0.23959392309188843, 0.8300965428352356, -0.5035220384597778, -0.2037142962217331], [-0.9708731770515442, -0.20485278964042664, 0.12426014989614487, -0.048356570303440094], [2.9779926080664154e-08, 0.5186280608177185, 0.8549999594688416, 0.08961804211139679], [0.0, 0.0, 0.0, 1.0]], "file_path": "images/14", "depth_path": "images/14.depth.png"}, {"transform_matrix": [[-0.4791463315486908, -0.7416860461235046, 0.46938320994377136, 0.38002878427505493], [0.8777350187301636, -0.4048786163330078, 0.2562313675880432, 0.030826101079583168], [-8.594617240120783e-10, 0.5347663760185242, 0.8449999094009399, 0.08361804485321045], [0.0, 0.0, 0.0, 1.0]], "file_path": "images/15", "depth_path": "images/15.depth.png"}, {"transform_matrix": [[0.9462090730667114, 0.2701691687107086, -0.17803660035133362, -0.008423056453466415], [-0.3235558867454529, 0.7900845408439636, -0.5206514000892639, -0.43530353903770447], [3.5782257157279673e-09, 0.5502499341964722, 0.8349999189376831, 0.07761804759502411], [0.0, 0.0, 0.0, 1.0]], "file_path": "images/16", "depth_path": "images/16.depth.png"}, {"transform_matrix": [[-0.9162639379501343, 0.3304743766784668, -0.22637806832790375, -0.03742791339755058], [-0.40057501196861267, -0.7559177279472351, 0.5178107619285583, 0.18777379393577576], [-2.2120627551913685e-09, 0.5651327967643738, 0.8249998688697815, 0.07161804288625717], [0.0, 0.0, 0.0, 1.0]], "file_path": "images/17", "depth_path": "images/17.depth.png"}, {"transform_matrix": [[0.4050399661064148, -0.7451536655426025, 0.529800534248352, 0.41627922654151917], [0.914298951625824, 0.33010753989219666, -0.2347048670053482, -0.2637355923652649], [2.940632981562885e-08, 0.5794609785079956, 0.8149999976158142, 0.06561804562807083], [0.0, 0.0, 0.0, 1.0]], "file_path": "images/18", "depth_path": "images/18.depth.png"}, {"transform_matrix": [[0.31893619894981384, 0.7629598379135132, -0.5622917413711548, -0.2389761358499527], [-0.947776198387146, 0.2567436397075653, -0.18921680748462677, -0.23644272983074188], [1.5644463502439976e-08, 0.5932748317718506, 0.8050000071525574, 0.05961804464459419], [0.0, 0.0, 0.0, 1.0]], "file_path": "images/19", "depth_path": "images/19.depth.png"}, {"transform_matrix": [[-0.8753871917724609, -0.38432085514068604, 0.29324862360954285, 0.27434805035591125], [0.4834224581718445, -0.6959328055381775, 0.5310181379318237, 0.19569823145866394], [-1.640596281049511e-08, 0.6066094636917114, 0.7949999570846558, 0.05361804738640785], [0.0, 0.0, 0.0, 1.0]], "file_path": "images/20", "depth_path": "images/20.depth.png"}, {"transform_matrix": [[0.9720303416252136, -0.18436115980148315, 0.14549165964126587, 0.1856939047574997], [0.23485496640205383, 0.7630438804626465, -0.6021687388420105, -0.4842138886451721], [2.2608099836674e-09, 0.6194957494735718, 0.7850000262260437, 0.04761804640293121], [0.0, 0.0, 0.0, 1.0]], "file_path": "images/21", "depth_path": "images/21.depth.png"}, {"transform_matrix": [[-0.5581026673316956, 0.6430732011795044, -0.5243837237358093, -0.21623127162456512], [-0.8297719359397888, -0.4325295388698578, 0.35269924998283386, 0.08870691806077957], [-1.1556940959778217e-09, 0.6319612264633179, 0.7749999761581421, 0.041618045419454575], [0.0, 0.0, 0.0, 1.0]], "file_path": "images/22", "depth_path": "images/22.depth.png"}, {"transform_matrix": [[-0.14897525310516357, -0.7564632892608643, 0.6368435025215149, 0.4805050194263458], [0.9888409376144409, -0.11396603286266327, 0.09594462066888809, -0.06534592062234879], [-5.4160143037051967e-08, 0.6440302729606628, 0.7649999856948853, 0.035618044435977936], [0.0, 0.0, 0.0, 1.0]], "file_path": "images/23", "depth_path": "images/23.depth.png"}, {"transform_matrix": [[0.7778021097183228, 0.47452443838119507, -0.41212910413742065, -0.1488785296678543], [-0.6285092234611511, 0.5872405171394348, -0.5100241303443909, -0.42892715334892273], [-2.1858278742570292e-08, 0.6557247638702393, 0.7549999952316284, 0.029618045315146446], [0.0, 0.0, 0.0, 1.0]], "file_path": "images/24", "depth_path": "images/24.depth.png"}, {"transform_matrix": [[-0.9980788826942444, 0.04615629464387894, -0.0413278192281723, 0.07360225170850754], [-0.06195475906133652, -0.7435688376426697, 0.6657829880714417, 0.27655714750289917], [-1.3734212656046907e-09, 0.6670644879341125, 0.7449999451637268, 0.023618046194314957], [0.0, 0.0, 0.0, 1.0]], "file_path": "images/25", "depth_path": "images/25.depth.png"}, {"transform_matrix": [[0.6941025853157043, -0.5291089415550232, 0.4881243109703064, 0.39127349853515625], [0.7198761105537415, 0.5101653933525085, -0.4706481099128723, -0.4053015410900116], [-2.114901320737772e-08, 0.6780670881271362, 0.7350000143051147, 0.017618045210838318], [0.0, 0.0, 0.0, 1.0]], "file_path": "images/26", "depth_path": "images/26.depth.png"}, {"transform_matrix": [[-0.025540240108966827, 0.7247634530067444, -0.6885241866111755, -0.31471559405326843], [-0.9996737837791443, -0.018516672775149345, 0.01759081333875656, -0.11235814541578293], [1.115736836254655e-09, 0.6887487769126892, 0.7250000238418579, 0.011618045158684254], [0.0, 0.0, 0.0, 1.0]], "file_path": "images/27", "depth_path": "images/27.depth.png"}, {"transform_matrix": [[-0.6564374566078186, -0.5393820405006409, 0.5274057984352112, 0.4148424565792084], [0.7543804049491882, -0.4693528115749359, 0.45893144607543945, 0.15244616568088531], [2.8202517654563053e-08, 0.6991244554519653, 0.7150000333786011, 0.005618045572191477], [0.0, 0.0, 0.0, 1.0]], "file_path": "images/28", "depth_path": "images/28.depth.png"}, {"transform_matrix": [[0.9936131238937378, 0.07955201715230942, -0.0800267681479454, 0.05038285255432129], [-0.11283973604440689, 0.7004972696304321, -0.7046777606010437, -0.54571932554245], [-4.196873959472214e-09, 0.7092073559761047, 0.7049999833106995, -0.00038195442175492644], [0.0, 0.0, 0.0, 1.0]], "file_path": "images/29", "depth_path": "images/29.depth.png"}, {"transform_matrix": [[-0.8088816404342651, 0.40864014625549316, -0.4227572977542877, -0.15525546669960022], [-0.5879715085029602, -0.5621726512908936, 0.5815938711166382, 0.22604358196258545], [4.993585545065571e-10, 0.7190098166465759, 0.6949998736381531, -0.0063819545321166515], [0.0, 0.0, 0.0, 1.0]], "file_path": "images/30", "depth_path": "images/30.depth.png"}, {"transform_matrix": [[0.199274942278862, -0.6712613701820374, 0.713931143283844, 0.5267575979232788], [0.979943573474884, 0.13650333881378174, -0.14518040418624878, -0.21002092957496643], [1.7784900663286862e-08, 0.7285430431365967, 0.6850000023841858, -0.012381954118609428], [0.0, 0.0, 0.0, 1.0]], "file_path": "images/31", "depth_path": "images/31.depth.png"}, {"transform_matrix": [[0.5150031447410583, 0.5786020159721375, -0.6324487328529358, -0.2810703217983246], [-0.8571882843971252, 0.34762701392173767, -0.3799785077571869, -0.35089975595474243], [-5.880126963120347e-08, 0.7378177046775818, 0.6749999523162842, -0.018381955102086067], [0.0, 0.0, 0.0, 1.0]], "file_path": "images/32", "depth_path": "images/32.depth.png"}, {"transform_matrix": [[-0.958769679069519, -0.18898248672485352, 0.21224111318588257, 0.2257435917854309], [0.28418421745300293, -0.6375817656517029, 0.7160508036613464, 0.30671778321266174], [-4.023326560798068e-09, 0.7468433380126953, 0.6649999618530273, -0.024381954222917557], [0.0, 0.0, 0.0, 1.0]], "file_path": "images/33", "depth_path": "images/33.depth.png"}, {"transform_matrix": [[0.8989306688308716, -0.2869495451450348, 0.3310341536998749, 0.29701942205429077], [0.4380909502506256, 0.5887995362281799, -0.6792579293251038, -0.5304674506187439], [-1.2223514644915667e-08, 0.7556288838386536, 0.6549999117851257, -0.030381955206394196], [0.0, 0.0, 0.0, 1.0]], "file_path": "images/34", "depth_path": "images/34.depth.png"}, {"transform_matrix": [[-0.36691728234291077, 0.6000134944915771, -0.7108835577964783, -0.32813122868537903], [-0.9302535653114319, -0.23666155338287354, 0.2803918421268463, 0.045322418212890625], [8.803971951465428e-08, 0.7641826272010803, 0.6449998617172241, -0.036381956189870834], [0.0, 0.0, 0.0, 1.0]], "file_path": "images/35", "depth_path": "images/35.depth.png"}, {"transform_matrix": [[-0.3578239679336548, -0.5929560661315918, 0.721363365650177, 0.5312169790267944], [0.9337890148162842, -0.22721831500530243, 0.2764233350753784, 0.04294130578637123], [8.477939417161906e-08, 0.7725121378898621, 0.6350000500679016, -0.042381953448057175], [0.0, 0.0, 0.0, 1.0]], "file_path": "images/36", "depth_path": "images/36.depth.png"}, {"transform_matrix": [[0.8946136832237244, 0.2792752981185913, -0.3488147258758545, -0.11088992655277252], [-0.44684046506881714, 0.5591335296630859, -0.6983575820922852, -0.5419272184371948], [-2.287961820002238e-09, 0.7806247472763062, 0.625, -0.048381954431533813], [0.0, 0.0, 0.0, 1.0]], "file_path": "images/37", "depth_path": "images/37.depth.png"}, {"transform_matrix": [[-0.9614965915679932, 0.169012188911438, -0.21670030057430267, -0.031621288508176804], [-0.27481651306152344, -0.5913205146789551, 0.7581661939620972, 0.33198705315589905], [-3.1768772057461092e-09, 0.7885270714759827, 0.6150000095367432, -0.05438195541501045], [0.0, 0.0, 0.0, 1.0]], "file_path": "images/38", "depth_path": "images/38.depth.png"}, {"transform_matrix": [[0.523341715335846, -0.5155343413352966, 0.6784818768501282, 0.5054880380630493], [0.8521227836608887, 0.3166218101978302, -0.41669803857803345, -0.37293151021003723], [-2.8873630153469776e-09, 0.7962254285812378, 0.6050000190734863, -0.06038195267319679], [0.0, 0.0, 0.0, 1.0]], "file_path": "images/39", "depth_path": "images/39.depth.png"}, {"transform_matrix": [[0.1897047460079193, 0.5841954946517944, -0.7891309857368469, -0.3750796914100647], [-0.9818412065505981, 0.11287432163953781, -0.15247057378292084, -0.21439503133296967], [9.478853257860465e-10, 0.8037257194519043, 0.5949999690055847, -0.06638195365667343], [0.0, 0.0, 0.0, 1.0]], "file_path": "images/40", "depth_path": "images/40.depth.png"}, {"transform_matrix": [[-0.8031066656112671, -0.34856370091438293, 0.4832422435283661, 0.38834431767463684], [0.5958353281021118, -0.46981745958328247, 0.6513462066650391, 0.26789504289627075], [1.4308897178239022e-08, 0.8110332489013672, 0.5850000977516174, -0.07238195091485977], [0.0, 0.0, 0.0, 1.0]], "file_path": "images/41", "depth_path": "images/41.depth.png"}, {"transform_matrix": [[0.9946667551994324, -0.05930563807487488, 0.08438453078269958, 0.14902962744235992], [0.10314022749662399, 0.5719334483146667, -0.8137900233268738, -0.611186683177948], [1.868089016809904e-09, 0.8181533813476562, 0.574999988079071, -0.07838195562362671], [0.0, 0.0, 0.0, 1.0]], "file_path": "images/42", "depth_path": "images/42.depth.png"}, {"transform_matrix": [[-0.6637662649154663, 0.4225861430168152, -0.6171185374259949, -0.27187228202819824], [-0.7479400634765625, -0.37502798438072205, 0.5476675033569336, 0.2056877762079239], [-2.730657300276107e-08, 0.8250908851623535, 0.565000057220459, -0.08438195288181305], [0.0, 0.0, 0.0, 1.0]], "file_path": "images/43", "depth_path": "images/43.depth.png"}, {"transform_matrix": [[-0.015785913914442062, -0.5549308061599731, 0.8317466974258423, 0.5974469184875488], [0.9998753070831299, -0.00876123271882534, 0.013131487183272839, -0.11503378301858902], [5.9049121148291306e-08, 0.8318503499031067, 0.5550000071525574, -0.09038195759057999], [0.0, 0.0, 0.0, 1.0]], "file_path": "images/44", "depth_path": "images/44.depth.png"}, {"transform_matrix": [[0.6870461702346802, 0.39600449800491333, -0.6092191338539124, -0.26713261008262634], [-0.7266137599945068, 0.37444019317626953, -0.5760441422462463, -0.46853920817375183], [3.770123413460169e-08, 0.8384360074996948, 0.5449999570846558, -0.09638195484876633], [0.0, 0.0, 0.0, 1.0]], "file_path": "images/45", "depth_path": "images/45.depth.png"}, {"transform_matrix": [[-0.9974269270896912, -0.038353875279426575, 0.06056700274348259, 0.13473908603191376], [0.07168947160243988, -0.5336235165596008, 0.8426782488822937, 0.3826943039894104], [-1.201686083973641e-09, 0.8448520302772522, 0.5350000262260437, -0.10238195210695267], [0.0, 0.0, 0.0, 1.0]], "file_path": "images/46", "depth_path": "images/46.depth.png"}, {"transform_matrix": [[0.7838971614837646, -0.32596760988235474, 0.5284414291381836, 0.41546377539634705], [0.6208906769752502, 0.4115460515022278, -0.6671766042709351, -0.5232186317443848], [-2.9404505497154787e-08, 0.8511022329330444, 0.5250000357627869, -0.1083819568157196], [0.0, 0.0, 0.0, 1.0]], "file_path": "images/47", "depth_path": "images/47.depth.png"}, {"transform_matrix": [[-0.15861570835113525, 0.5084802508354187, -0.8463385105133057, -0.4094041883945465], [-0.9873403906822205, -0.0816870704293251, 0.13596384227275848, -0.0413343608379364], [1.3364676476612658e-08, 0.8571901917457581, 0.5149999260902405, -0.11438195407390594], [0.0, 0.0, 0.0, 1.0]], "file_path": "images/48", "depth_path": "images/48.depth.png"}, {"transform_matrix": [[-0.5499805212020874, -0.42176464200019836, 0.7208578586578369, 0.5309135913848877], [0.835177481174469, -0.27774012088775635, 0.4746988117694855, 0.1619066596031189], [-9.34179489320286e-09, 0.86311936378479, 0.5049999952316284, -0.12038195133209229], [0.0, 0.0, 0.0, 1.0]], "file_path": "images/49", "depth_path": "images/49.depth.png"}, {"transform_matrix": [[0.9696928262710571, 0.12094202637672424, -0.2122943103313446, -0.02897767163813114], [-0.2443273365497589, 0.479997843503952, -0.8425593376159668, -0.6284482479095459], [-2.238152063682719e-08, 0.8688929677009583, 0.4949999153614044, -0.12638194859027863], [0.0, 0.0, 0.0, 1.0]], "file_path": "images/50", "depth_path": "images/50.depth.png"}, {"transform_matrix": [[-0.8800619840621948, 0.2303064912557602, -0.41527074575424194, -0.15076349675655365], [-0.4748587906360626, -0.4268300235271454, 0.7696266770362854, 0.3388633728027344], [2.5530582092869736e-09, 0.8745141625404358, 0.48499995470046997, -0.13238196074962616], [0.0, 0.0, 0.0, 1.0]], "file_path": "images/51", "depth_path": "images/51.depth.png"}, {"transform_matrix": [[0.3281679153442383, -0.4486941397190094, 0.8312516808509827, 0.5971499085426331], [0.9446194171905518, 0.15587975084781647, -0.28878310322761536, -0.2961825132369995], [-1.5565305488962622e-08, 0.8799858093261719, 0.47499993443489075, -0.1383819580078125], [0.0, 0.0, 0.0, 1.0]], "file_path": "images/52", "depth_path": "images/52.depth.png"}, {"transform_matrix": [[0.39610031247138977, 0.42696622014045715, -0.8128987550735474, -0.38934028148651123], [-0.9182072281837463, 0.18418656289577484, -0.3506718575954437, -0.33331581950187683], [-1.5668062403051408e-08, 0.8853107690811157, 0.46499982476234436, -0.14438195526599884], [0.0, 0.0, 0.0, 1.0]], "file_path": "images/53", "depth_path": "images/53.depth.png"}, {"transform_matrix": [[-0.9123121500015259, -0.18632039427757263, 0.3646521270275116, 0.3171902000904083], [0.40949541330337524, -0.4151019752025604, 0.8124061822891235, 0.3645310401916504], [-1.212650424520234e-08, 0.8904914855957031, 0.4549998939037323, -0.15038195252418518], [0.0, 0.0, 0.0, 1.0]], "file_path": "images/54", "depth_path": "images/54.depth.png"}, {"transform_matrix": [[0.9493207931518555, -0.13986742496490479, 0.28147315979003906, 0.2672828137874603], [0.31430885195732117, 0.42244771122932434, -0.8501457571983337, -0.6330001354217529], [-3.237465406868978e-09, 0.8955305814743042, 0.44499993324279785, -0.15638194978237152], [0.0, 0.0, 0.0, 1.0]], "file_path": "images/55", "depth_path": "images/55.depth.png"}, {"transform_matrix": [[-0.4876868724822998, 0.37976303696632385, -0.7860925793647766, -0.3732565939426422], [-0.8730186223983765, -0.2121436595916748, 0.43912816047668457, 0.14056427776813507], [9.442502602041714e-08, 0.9004305005073547, 0.43499988317489624, -0.16238194704055786], [0.0, 0.0, 0.0, 1.0]], "file_path": "images/56", "depth_path": "images/56.depth.png"}, {"transform_matrix": [[-0.2301102876663208, -0.41359493136405945, 0.8809020519256592, 0.626940131187439], [0.9731645584106445, -0.09779667854309082, 0.20829437673091888, 0.0020639412105083466], [-2.017350055893985e-07, 0.9051933884620667, 0.4249999225139618, -0.1683819591999054], [0.0, 0.0, 0.0, 1.0]], "file_path": "images/57", "depth_path": "images/57.depth.png"}, {"transform_matrix": [[0.827039361000061, 0.23328973352909088, -0.5114506483078003, -0.20847146213054657], [-0.5621440410614014, 0.3432212173938751, -0.7524581551551819, -0.5743875503540039], [-4.46421921651563e-08, 0.9098213911056519, 0.41499990224838257, -0.17438195645809174], [0.0, 0.0, 0.0, 1.0]], "file_path": "images/58", "depth_path": "images/58.depth.png"}, {"transform_matrix": [[-0.9895558953285217, 0.058380547910928726, -0.13179832696914673, 0.019319863989949226], [-0.1441495269536972, -0.40077000856399536, 0.9047675728797913, 0.4199478328227997], [9.12175668332793e-09, 0.9143167734146118, 0.40499985218048096, -0.18038195371627808], [0.0, 0.0, 0.0, 1.0]], "file_path": "images/59", "depth_path": "images/59.depth.png"}, {"transform_matrix": [[0.6322959661483765, -0.30601707100868225, 0.7117270231246948, 0.5254350900650024], [0.774726927280426, 0.24975675344467163, -0.5808784365653992, -0.4714397192001343], [7.783514632819788e-08, 0.9186812043190002, 0.3949998617172241, -0.18638195097446442], [0.0, 0.0, 0.0, 1.0]], "file_path": "images/60", "depth_path": "images/60.depth.png"}, {"transform_matrix": [[0.057085055857896805, 0.3843720853328705, -0.9214115738868713, -0.45444804430007935], [-0.9983693361282349, 0.021977832540869713, -0.05268470570445061, -0.15452349185943604], [9.780914922430384e-08, 0.92291659116745, 0.3849998712539673, -0.19238194823265076], [0.0, 0.0, 0.0, 1.0]], "file_path": "images/61", "depth_path": "images/61.depth.png"}, {"transform_matrix": [[-0.7164815664291382, -0.26160213351249695, 0.6466981768608093, 0.4864178001880646], [0.6976060271263123, -0.26868030428886414, 0.664196252822876, 0.2756050229072571], [-9.091995423204935e-08, 0.9270248413085938, 0.3749997615814209, -0.1983819603919983], [0.0, 0.0, 0.0, 1.0]], "file_path": "images/62", "depth_path": "images/62.depth.png"}, {"transform_matrix": [[0.9995372891426086, 0.011102095246315002, -0.02831818349659443, 0.08140800148248672], [-0.030416706576943398, 0.3648310601711273, -0.930576741695404, -0.6812586784362793], [5.530578217616267e-10, 0.9310075640678406, 0.3649999499320984, -0.20438195765018463], [0.0, 0.0, 0.0, 1.0]], "file_path": "images/63", "depth_path": "images/63.depth.png"}, {"transform_matrix": [[-0.7575739026069641, 0.23172599077224731, -0.6102334260940552, -0.2677411437034607], [-0.6527494192123413, -0.2689386010169983, 0.7082303762435913, 0.30202552676200867], [5.6091760569643156e-08, 0.9348663687705994, 0.3549998700618744, -0.21038195490837097], [0.0, 0.0, 0.0, 1.0]], "file_path": "images/64", "depth_path": "images/64.depth.png"}, {"transform_matrix": [[0.11768549680709839, -0.34260261058807373, 0.9320802092552185, 0.6576470732688904], [0.9930509328842163, 0.04060155153274536, -0.11045990139245987, -0.189188614487648], [-4.9378655830878415e-08, 0.9386026859283447, 0.3450000584125519, -0.2163819521665573], [0.0, 0.0, 0.0, 1.0]], "file_path": "images/65", "depth_path": "images/65.depth.png"}, {"transform_matrix": [[0.5840185880661011, 0.2719328701496124, -0.7648364305496216, -0.3605029284954071], [-0.8117402791976929, 0.1956462413072586, -0.5502728223800659, -0.45307642221450806], [9.436154613240433e-08, 0.9422181844711304, 0.3349998891353607, -0.22238194942474365], [0.0, 0.0, 0.0, 1.0]], "file_path": "images/66", "depth_path": "images/66.depth.png"}, {"transform_matrix": [[-0.9789597392082214, -0.06631726026535034, 0.1929759681224823, 0.21418443322181702], [0.20405319333076477, -0.3181617856025696, 0.925815999507904, 0.4325769543647766], [-1.2487568756824885e-09, 0.945713996887207, 0.3249998688697815, -0.2283819615840912], [0.0, 0.0, 0.0, 1.0]], "file_path": "images/67", "depth_path": "images/67.depth.png"}, {"transform_matrix": [[0.8596903681755066, -0.16090679168701172, 0.48481079936027527, 0.3892853260040283], [0.5108155608177185, 0.2708023190498352, -0.8159250020980835, -0.6124676465988159], [-1.2057078890848061e-08, 0.9490917325019836, 0.3149998188018799, -0.23438195884227753], [0.0, 0.0, 0.0, 1.0]], "file_path": "images/68", "depth_path": "images/68.depth.png"}, {"transform_matrix": [[-0.2888581156730652, 0.29199838638305664, -0.9117554426193237, -0.4486543536186218], [-0.9573719501495361, -0.08810175955295563, 0.2750946879386902, 0.04214412719011307], [-5.543867231949662e-08, 0.9523523449897766, 0.3049999475479126, -0.24038195610046387], [0.0, 0.0, 0.0, 1.0]], "file_path": "images/69", "depth_path": "images/69.depth.png"}, {"transform_matrix": [[-0.4337005615234375, -0.2658117413520813, 0.8609575629234314, 0.6149734258651733], [0.9010570049285889, -0.1279415339231491, 0.41439977288246155, 0.12572713196277618], [-9.510480936114618e-08, 0.9554973244667053, 0.2949998378753662, -0.2463819533586502], [0.0, 0.0, 0.0, 1.0]], "file_path": "images/70", "depth_path": "images/70.depth.png"}, {"transform_matrix": [[0.9284524917602539, 0.10586356371641159, -0.3560459613800049, -0.11522866785526276], [-0.37145093083381653, 0.26460906863212585, -0.8899472951889038, -0.6568810939788818], [-1.5815507792282801e-09, 0.9585274457931519, 0.28500011563301086, -0.25238195061683655], [0.0, 0.0, 0.0, 1.0]], "file_path": "images/71", "depth_path": "images/71.depth.png"}, {"transform_matrix": [[-0.9355235695838928, 0.09714764356613159, -0.3396439552307129, -0.10538745671510696], [-0.35326436161994934, -0.2572688162326813, 0.8994536995887756, 0.41675958037376404], [4.671817186580052e-12, 0.9614441990852356, 0.27499982714653015, -0.2583819627761841], [0.0, 0.0, 0.0, 1.0]], "file_path": "images/72", "depth_path": "images/72.depth.png"}, {"transform_matrix": [[0.4511992931365967, -0.23649205267429352, 0.860517680644989, 0.6147094964981079], [0.8924232125282288, 0.11956776678562164, -0.43506819009780884, -0.38395360112190247], [-7.0449450717546824e-09, 0.9642484188079834, 0.2649998962879181, -0.26438194513320923], [0.0, 0.0, 0.0, 1.0]], "file_path": "images/73", "depth_path": "images/73.depth.png"}, {"transform_matrix": [[0.27012261748313904, 0.24552054703235626, -0.9309958815574646, -0.46019861102104187], [-0.9628258347511292, 0.06888123601675034, -0.2611926794052124, -0.2796283960342407], [-2.4970807643853732e-08, 0.9669410586357117, 0.25499990582466125, -0.27038195729255676], [0.0, 0.0, 0.0, 1.0]], "file_path": "images/74", "depth_path": "images/74.depth.png"}, {"transform_matrix": [[-0.8495597839355469, -0.12923553586006165, 0.511415958404541, 0.40524858236312866], [0.5274922847747803, -0.20814190804958344, 0.8236678838729858, 0.371288001537323], [-7.074886809732561e-08, 0.9695230722427368, 0.24499976634979248, -0.2763819396495819], [0.0, 0.0, 0.0, 1.0]], "file_path": "images/75", "depth_path": "images/75.depth.png"}, {"transform_matrix": [[0.9827549457550049, -0.04345452040433884, 0.17973440885543823, 0.20623955130577087], [0.1849128156900406, 0.23094742000102997, -0.9552332162857056, -0.696052610874176], [5.614571030321258e-09, 0.9719953536987305, 0.23499999940395355, -0.28238195180892944], [0.0, 0.0, 0.0, 1.0]], "file_path": "images/76", "depth_path": "images/76.depth.png"}, {"transform_matrix": [[-0.5997461676597595, 0.18004266917705536, -0.7796724438667297, -0.3694045841693878], [-0.8001903295516968, -0.13494278490543365, 0.5843679904937744, 0.22770804166793823], [-1.0641291403601372e-08, 0.9743587970733643, 0.2249998152256012, -0.288381963968277], [0.0, 0.0, 0.0, 1.0]], "file_path": "images/77", "depth_path": "images/77.depth.png"}, {"transform_matrix": [[-0.09828676283359528, -0.2139589786529541, 0.9718854427337646, 0.6815301775932312], [0.9951581358909607, -0.02113165333867073, 0.09598822891712189, -0.0653197318315506], [1.927396908740775e-09, 0.9766140580177307, 0.2149999737739563, -0.2943819463253021], [0.0, 0.0, 0.0, 1.0]], "file_path": "images/78", "depth_path": "images/78.depth.png"}, {"transform_matrix": [[0.7446932792663574, 0.13681843876838684, -0.6532324552536011, -0.2935405969619751], [-0.6674068570137024, 0.15266217291355133, -0.7288774251937866, -0.5602391362190247], [1.5429534983013582e-08, 0.9787619709968567, 0.20500005781650543, -0.30038195848464966], [0.0, 0.0, 0.0, 1.0]], "file_path": "images/79", "depth_path": "images/79.depth.png"}, {"transform_matrix": [[-0.9999405145645142, 0.0021270737051963806, -0.010698662139475346, 0.09197975695133209], [-0.010908061638474464, -0.19498860836029053, 0.9807448387145996, 0.4655342698097229], [-7.220136710728298e-10, 0.9808031916618347, 0.19500021636486053, -0.3063819408416748], [0.0, 0.0, 0.0, 1.0]], "file_path": "images/80", "depth_path": "images/80.depth.png"}, {"transform_matrix": [[0.7299566864967346, -0.1264462023973465, 0.6716952919960022, 0.501416027545929], [0.6834933757781982, 0.13504181802272797, -0.7173566222190857, -0.5533266663551331], [6.275197961258527e-08, 0.9827384948730469, 0.18499985337257385, -0.31238195300102234], [0.0, 0.0, 0.0, 1.0]], "file_path": "images/81", "depth_path": "images/81.depth.png"}, {"transform_matrix": [[-0.07655423134565353, 0.17448632419109344, -0.9816791415214539, -0.4906085729598999], [-0.9970654249191284, -0.013397038914263248, 0.07537287473678589, -0.07768888771533966], [-5.786204582136634e-08, 0.9845684170722961, 0.1749998927116394, -0.3183819651603699], [0.0, 0.0, 0.0, 1.0]], "file_path": "images/82", "depth_path": "images/82.depth.png"}, {"transform_matrix": [[-0.6170591711997986, -0.12984125316143036, 0.7761309146881104, 0.5640774369239807], [0.7869166731834412, -0.10181470960378647, 0.6086015701293945, 0.2422482818365097], [-4.778982187758629e-08, 0.9862935543060303, 0.16499996185302734, -0.324381947517395], [0.0, 0.0, 0.0, 1.0]], "file_path": "images/83", "depth_path": "images/83.depth.png"}, {"transform_matrix": [[0.9865548610687256, 0.02533169463276863, -0.1614552140235901, 0.0015257865888997912], [-0.1634303480386734, 0.1529158651828766, -0.9746318459510803, -0.7076917886734009], [-1.2536437665744415e-08, 0.9879144430160522, 0.15499986708164215, -0.33038195967674255], [0.0, 0.0, 0.0, 1.0]], "file_path": "images/84", "depth_path": "images/84.depth.png"}, {"transform_matrix": [[-0.8378505110740662, 0.07915543019771576, -0.5401304960250854, -0.225679412484169], [-0.5458997488021851, -0.12148825079202652, 0.8289958238601685, 0.3744848072528839], [1.541855176867557e-08, 0.9894316792488098, 0.1449999213218689, -0.3363819420337677], [0.0, 0.0, 0.0, 1.0]], "file_path": "images/85", "depth_path": "images/85.depth.png"}, {"transform_matrix": [[0.24905478954315186, -0.130745992064476, 0.9596234560012817, 0.6741729974746704], [0.968489408493042, 0.033622290939092636, -0.2467748522758484, -0.27097761631011963], [8.46296330792029e-08, 0.9908456206321716, 0.13499990105628967, -0.34238195419311523], [0.0, 0.0, 0.0, 1.0]], "file_path": "images/86", "depth_path": "images/86.depth.png"}, {"transform_matrix": [[0.47055989503860474, 0.11029605567455292, -0.8754473924636841, -0.42686954140663147], [-0.8823680281639099, 0.05882003530859947, -0.46686917543411255, -0.40303415060043335], [1.68923293131229e-08, 0.9921567440032959, 0.12500007450580597, -0.34838196635246277], [0.0, 0.0, 0.0, 1.0]], "file_path": "images/87", "depth_path": "images/87.depth.png"}, {"transform_matrix": [[-0.9430072903633118, -0.03826877102255821, 0.3305642902851105, 0.29673752188682556], [0.33277207612991333, -0.10844578593969345, 0.9367508888244629, 0.43913787603378296], [-2.5149373694688393e-09, 0.993365466594696, 0.11499995738267899, -0.3543819487094879], [0.0, 0.0, 0.0, 1.0]], "file_path": "images/88", "depth_path": "images/88.depth.png"}, {"transform_matrix": [[0.9201284646987915, -0.0411197766661644, 0.3894517123699188, 0.33206993341445923], [0.39161646366119385, 0.09661350399255753, -0.9150422811508179, -0.6719380021095276], [3.988265717680406e-08, 0.9944722056388855, 0.10500002652406693, -0.36038196086883545], [0.0, 0.0, 0.0, 1.0]], "file_path": "images/89", "depth_path": "images/89.depth.png"}, {"transform_matrix": [[-0.4139411449432373, 0.08647875487804413, -0.906186580657959, -0.44531306624412537], [-0.9103036522865295, -0.03932437673211098, 0.41206902265548706, 0.12432868033647537], [-5.927147661566323e-09, 0.9954771995544434, 0.09499991685152054, -0.3663819432258606], [0.0, 0.0, 0.0, 1.0]], "file_path": "images/90", "depth_path": "images/90.depth.png"}, {"transform_matrix": [[-0.30967408418655396, -0.08082138001918793, 0.9474016427993774, 0.6668398976325989], [0.9508427381515503, -0.026322104036808014, 0.3085533678531647, 0.062219344079494476], [-1.0688526685953548e-07, 0.9963809251785278, 0.08499971032142639, -0.37238195538520813], [0.0, 0.0, 0.0, 1.0]], "file_path": "images/91", "depth_path": "images/91.depth.png"}, {"transform_matrix": [[0.870629072189331, 0.036895476281642914, -0.4905545711517334, -0.19593378901481628], [-0.49194008111953735, 0.06529715657234192, -0.8681769371032715, -0.6438188552856445], [1.5895444960278837e-08, 0.9971835613250732, 0.07499996572732925, -0.37838196754455566], [0.0, 0.0, 0.0, 1.0]], "file_path": "images/92", "depth_path": "images/92.depth.png"}, {"transform_matrix": [[-0.974275529384613, 0.014648417010903358, -0.22488360106945038, -0.03653127700090408], [-0.2253601849079132, -0.06332796066999435, 0.9722151756286621, 0.46041643619537354], [-6.425564968992603e-09, 0.9978852868080139, 0.06500004976987839, -0.3843819499015808], [0.0, 0.0, 0.0, 1.0]], "file_path": "images/93", "depth_path": "images/93.depth.png"}, {"transform_matrix": [[0.5661718845367432, -0.045335810631513596, 0.8230395317077637, 0.5922226309776306], [0.8242872357368469, 0.03113948367536068, -0.5653148889541626, -0.462101548910141], [-1.8535121881768646e-08, 0.9984862804412842, 0.05500003322958946, -0.39038196206092834], [0.0, 0.0, 0.0, 1.0]], "file_path": "images/94", "depth_path": "images/94.depth.png"}, {"transform_matrix": [[0.13932053744792938, 0.044560980051755905, -0.9892442226409912, -0.49514761567115784], [-0.9902473092079163, 0.006269392557442188, -0.13917940855026245, -0.20642033219337463], [-1.0900048863504708e-08, 0.9989869594573975, 0.044999852776527405, -0.3963819444179535], [0.0, 0.0, 0.0, 1.0]], "file_path": "images/95", "depth_path": "images/95.depth.png"}, {"transform_matrix": [[-0.7716332077980042, -0.02226230874657631, 0.6356780529022217, 0.4798057973384857], [0.636067807674408, -0.027007117867469788, 0.7711604237556458, 0.33978354930877686], [2.012330391210071e-08, 0.9993873238563538, 0.03499992564320564, -0.402381956577301], [0.0, 0.0, 0.0, 1.0]], "file_path": "images/96", "depth_path": "images/96.depth.png"}, {"transform_matrix": [[0.9986358284950256, -0.001305345562286675, 0.052197735756635666, 0.12971754372119904], [0.05221404880285263, 0.02496572956442833, -0.9983237981796265, -0.7219069600105286], [3.0771043491029104e-09, 0.9996874332427979, 0.02499983087182045, -0.40838196873664856], [0.0, 0.0, 0.0, 1.0]], "file_path": "images/97", "depth_path": "images/97.depth.png"}, {"transform_matrix": [[-0.7010930776596069, 0.010695913806557655, -0.7129894495010376, -0.3293948769569397], [-0.71306973695755, -0.010516324080526829, 0.7010141611099243, 0.2976957857608795], [-4.126581032437571e-08, 0.9998874068260193, 0.014999855309724808, -0.4143819510936737], [0.0, 0.0, 0.0, 1.0]], "file_path": "images/98", "depth_path": "images/98.depth.png"}, {"transform_matrix": [[0.035292401909828186, -0.00499681755900383, 0.9993645548820496, 0.6980176568031311], [0.9993770122528076, 0.000176400484633632, -0.03529196232557297, -0.1440878063440323], [5.9104760197215e-08, 0.9999874234199524, 0.004999930504709482, -0.42038196325302124], [0.0, 0.0, 0.0, 1.0]], "file_path": "images/99", "depth_path": "images/99.depth.png"}], "integer_depth_scale": 4.5777065690089265e-05, "aabb": [[-0.048860132694244385, -0.2593000829219818, -0.5105061531066895], [0.2391398698091507, 0.028699934482574463, -0.3105061650276184]]}