{"fl_x": 888.888916015625, "fl_y": 888.888916015625, "cx": 320.0, "cy": 240.0, "w": 640, "h": 480, "frames": [{"transform_matrix": [[0.9320324063301086, -0.36056309938430786, 0.03619218245148659, 0.13303479552268982], [0.3623749613761902, 0.9273722171783447, -0.09308668971061707, -0.1830083429813385], [6.558784626520264e-10, 0.09987495094537735, 0.9950000047683716, 0.19498103857040405], [0.0, 0.0, 0.0, 1.0]], "file_path": "images/0", "depth_path": "images/0.depth.png"}, {"transform_matrix": [[-0.4424710273742676, 0.8833310604095459, -0.1547437608242035, 0.01847323589026928], [-0.8967828154563904, -0.43583396077156067, 0.07635029405355453, -0.08134617656469345], [-6.449099920757817e-09, 0.17255434393882751, 0.9850000143051147, 0.1889810413122177], [0.0, 0.0, 0.0, 1.0]], "file_path": "images/1", "depth_path": "images/1.depth.png"}, {"transform_matrix": [[-0.2795039713382721, -0.9361408352851868, 0.21334883570671082, 0.2393287718296051], [0.9601445198059082, -0.2725163400173187, 0.06210711598396301, -0.08989208936691284], [3.786502134062175e-08, 0.22220489382743835, 0.9749999642372131, 0.18298102915287018], [0.0, 0.0, 0.0, 1.0]], "file_path": "images/2", "depth_path": "images/2.depth.png"}, {"transform_matrix": [[0.8546656966209412, 0.5010074377059937, -0.13615454733371735, 0.029626771807670593], [-0.5191787481307983, 0.8247523903846741, -0.22413598001003265, -0.26163792610168457], [-7.452680250708e-09, 0.2622498869895935, 0.9649999141693115, 0.17698103189468384], [0.0, 0.0, 0.0, 1.0]], "file_path": "images/3", "depth_path": "images/3.depth.png"}, {"transform_matrix": [[-0.9809041023254395, 0.18573997914791107, -0.05768749862909317, 0.07670698314905167], [-0.19449211657047272, -0.9367634057998657, 0.29094189405441284, 0.047408752143383026], [3.833876771608402e-09, 0.2966058552265167, 0.9549999833106995, 0.1709810346364975], [0.0, 0.0, 0.0, 1.0]], "file_path": "images/4", "depth_path": "images/4.depth.png"}, {"transform_matrix": [[0.5919104814529419, -0.7616734504699707, 0.26361989974975586, 0.26949143409729004], [0.8060036897659302, 0.5593553185462952, -0.19359636306762695, -0.24331416189670563], [-3.148097782457171e-09, 0.32707029581069946, 0.9449999928474426, 0.16498103737831116], [0.0, 0.0, 0.0, 1.0]], "file_path": "images/5", "depth_path": "images/5.depth.png"}, {"transform_matrix": [[0.10799116641283035, 0.929531991481781, -0.3525736927986145, -0.10022471100091934], [-0.9941518306732178, 0.10097172856330872, -0.038298849016427994, -0.15013566613197327], [-3.0811794005103366e-08, 0.3546477258205414, 0.9350000023841858, 0.15898104012012482], [0.0, 0.0, 0.0, 1.0]], "file_path": "images/6", "depth_path": "images/6.depth.png"}, {"transform_matrix": [[-0.7511693239212036, -0.6106013059616089, 0.2508199214935303, 0.2618114650249481], [0.6601095199584961, -0.6948316097259521, 0.28541967272758484, 0.04409543052315712], [-1.1114560827252262e-08, 0.3799671232700348, 0.925000011920929, 0.15298104286193848], [0.0, 0.0, 0.0, 1.0]], "file_path": "images/7", "depth_path": "images/7.depth.png"}, {"transform_matrix": [[0.9997864961624146, -0.018906941637396812, 0.008336699567735195, 0.11632151901721954], [0.020663326606154442, 0.9148045778274536, -0.4033677279949188, -0.3691769540309906], [4.038906709080692e-10, 0.40345385670661926, 0.9149999618530273, 0.14698103070259094], [0.0, 0.0, 0.0, 1.0]], "file_path": "images/8", "depth_path": "images/8.depth.png"}, {"transform_matrix": [[-0.7232535481452942, 0.624977171421051, -0.2937817871570587, -0.06494958698749542], [-0.6905825734138489, -0.654544472694397, 0.3076804280281067, 0.05745191127061844], [-9.350972218769016e-10, 0.4254116117954254, 0.9049999117851257, 0.1409810334444046], [0.0, 0.0, 0.0, 1.0]], "file_path": "images/9", "depth_path": "images/9.depth.png"}, {"transform_matrix": [[0.06682271510362625, -0.892999529838562, 0.44506916403770447, 0.37836095690727234], [0.9977648258209229, 0.05980631709098816, -0.02980739064514637, -0.14504079520702362], [3.8140580471690555e-08, 0.4460662007331848, 0.8949999809265137, 0.13498103618621826], [0.0, 0.0, 0.0, 1.0]], "file_path": "images/10", "depth_path": "images/10.depth.png"}, {"transform_matrix": [[0.6247073411941528, 0.6910601854324341, -0.3635609447956085, -0.10681705176830292], [-0.7808589339256287, 0.5528659820556641, -0.2908581495285034, -0.30167123675346375], [-7.318993855420786e-09, 0.46559104323387146, 0.8849999904632568, 0.12898103892803192], [0.0, 0.0, 0.0, 1.0]], "file_path": "images/11", "depth_path": "images/11.depth.png"}, {"transform_matrix": [[-0.988102376461029, -0.13457274436950684, 0.0744568482041359, 0.15599358081817627], [0.15379741787910461, -0.8645896315574646, 0.4783630073070526, 0.1598614752292633], [-1.4909051770928272e-09, 0.4841229021549225, 0.875, 0.12298103421926498], [0.0, 0.0, 0.0, 1.0]], "file_path": "images/12", "depth_path": "images/12.depth.png"}, {"transform_matrix": [[0.8324845433235168, -0.4792517125606537, 0.27800580859184265, 0.27812299132347107], [0.5540482401847839, 0.720099151134491, -0.4177173376083374, -0.3777867555618286], [-7.993175010767573e-09, 0.501771867275238, 0.8650000095367432, 0.11698103696107864], [0.0, 0.0, 0.0, 1.0]], "file_path": "images/13", "depth_path": "images/13.depth.png"}, {"transform_matrix": [[-0.23959392309188843, 0.8300965428352356, -0.5035220384597778, -0.1907937079668045], [-0.9708731770515442, -0.20485278964042664, 0.12426014989614487, -0.052600257098674774], [2.9779926080664154e-08, 0.5186280608177185, 0.8549999594688416, 0.1109810322523117], [0.0, 0.0, 0.0, 1.0]], "file_path": "images/14", "depth_path": "images/14.depth.png"}, {"transform_matrix": [[-0.4791463315486908, -0.7416860461235046, 0.46938320994377136, 0.3929493725299835], [0.8777350187301636, -0.4048786163330078, 0.2562313675880432, 0.026582414284348488], [-8.594617240120783e-10, 0.5347663760185242, 0.8449999094009399, 0.10498103499412537], [0.0, 0.0, 0.0, 1.0]], "file_path": "images/15", "depth_path": "images/15.depth.png"}, {"transform_matrix": [[0.9462090730667114, 0.2701691687107086, -0.17803660035133362, 0.0044975318014621735], [-0.3235558867454529, 0.7900845408439636, -0.5206514000892639, -0.43954724073410034], [3.5782257157279673e-09, 0.5502499341964722, 0.8349999189376831, 0.09898103773593903], [0.0, 0.0, 0.0, 1.0]], "file_path": "images/16", "depth_path": "images/16.depth.png"}, {"transform_matrix": [[-0.9162639379501343, 0.3304743766784668, -0.22637806832790375, -0.024507327005267143], [-0.40057501196861267, -0.7559177279472351, 0.5178107619285583, 0.18353010714054108], [-2.2120627551913685e-09, 0.5651327967643738, 0.8249998688697815, 0.09298103302717209], [0.0, 0.0, 0.0, 1.0]], "file_path": "images/17", "depth_path": "images/17.depth.png"}, {"transform_matrix": [[0.4050399661064148, -0.7451536655426025, 0.529800534248352, 0.42919981479644775], [0.914298951625824, 0.33010753989219666, -0.2347048670053482, -0.2679792642593384], [2.940632981562885e-08, 0.5794609785079956, 0.8149999976158142, 0.08698103576898575], [0.0, 0.0, 0.0, 1.0]], "file_path": "images/18", "depth_path": "images/18.depth.png"}, {"transform_matrix": [[0.31893619894981384, 0.7629598379135132, -0.5622917413711548, -0.2260555475950241], [-0.947776198387146, 0.2567436397075653, -0.18921680748462677, -0.24068641662597656], [1.5644463502439976e-08, 0.5932748317718506, 0.8050000071525574, 0.08098103851079941], [0.0, 0.0, 0.0, 1.0]], "file_path": "images/19", "depth_path": "images/19.depth.png"}, {"transform_matrix": [[-0.8753871917724609, -0.38432085514068604, 0.29324862360954285, 0.28726863861083984], [0.4834224581718445, -0.6959328055381775, 0.5310181379318237, 0.19145454466342926], [-1.640596281049511e-08, 0.6066094636917114, 0.7949999570846558, 0.07498103380203247], [0.0, 0.0, 0.0, 1.0]], "file_path": "images/20", "depth_path": "images/20.depth.png"}, {"transform_matrix": [[0.9720303416252136, -0.18436115980148315, 0.14549165964126587, 0.19861449301242828], [0.23485496640205383, 0.7630438804626465, -0.6021687388420105, -0.488457590341568], [2.2608099836674e-09, 0.6194957494735718, 0.7850000262260437, 0.06898103654384613], [0.0, 0.0, 0.0, 1.0]], "file_path": "images/21", "depth_path": "images/21.depth.png"}, {"transform_matrix": [[-0.5581026673316956, 0.6430732011795044, -0.5243837237358093, -0.20331068336963654], [-0.8297719359397888, -0.4325295388698578, 0.35269924998283386, 0.08446323126554489], [-1.1556940959778217e-09, 0.6319612264633179, 0.7749999761581421, 0.06298103928565979], [0.0, 0.0, 0.0, 1.0]], "file_path": "images/22", "depth_path": "images/22.depth.png"}, {"transform_matrix": [[-0.14897525310516357, -0.7564632892608643, 0.6368435025215149, 0.4934256076812744], [0.9888409376144409, -0.11396603286266327, 0.09594462066888809, -0.06958960741758347], [-5.4160143037051967e-08, 0.6440302729606628, 0.7649999856948853, 0.05698103457689285], [0.0, 0.0, 0.0, 1.0]], "file_path": "images/23", "depth_path": "images/23.depth.png"}, {"transform_matrix": [[0.7778021097183228, 0.47452443838119507, -0.41212910413742065, -0.13595794141292572], [-0.6285092234611511, 0.5872405171394348, -0.5100241303443909, -0.4331708252429962], [-2.1858278742570292e-08, 0.6557247638702393, 0.7549999952316284, 0.05098103731870651], [0.0, 0.0, 0.0, 1.0]], "file_path": "images/24", "depth_path": "images/24.depth.png"}, {"transform_matrix": [[-0.9980788826942444, 0.04615629464387894, -0.0413278192281723, 0.08652283996343613], [-0.06195475906133652, -0.7435688376426697, 0.6657829880714417, 0.2723134458065033], [-1.3734212656046907e-09, 0.6670644879341125, 0.7449999451637268, 0.044981036335229874], [0.0, 0.0, 0.0, 1.0]], "file_path": "images/25", "depth_path": "images/25.depth.png"}, {"transform_matrix": [[0.6941025853157043, -0.5291089415550232, 0.4881243109703064, 0.40419408679008484], [0.7198761105537415, 0.5101653933525085, -0.4706481099128723, -0.4095452129840851], [-2.114901320737772e-08, 0.6780670881271362, 0.7350000143051147, 0.038981035351753235], [0.0, 0.0, 0.0, 1.0]], "file_path": "images/26", "depth_path": "images/26.depth.png"}, {"transform_matrix": [[-0.025540240108966827, 0.7247634530067444, -0.6885241866111755, -0.30179500579833984], [-0.9996737837791443, -0.018516672775149345, 0.01759081333875656, -0.11660183221101761], [1.115736836254655e-09, 0.6887487769126892, 0.7250000238418579, 0.032981034368276596], [0.0, 0.0, 0.0, 1.0]], "file_path": "images/27", "depth_path": "images/27.depth.png"}, {"transform_matrix": [[-0.6564374566078186, -0.5393820405006409, 0.5274057984352112, 0.42776304483413696], [0.7543804049491882, -0.4693528115749359, 0.45893144607543945, 0.14820247888565063], [2.8202517654563053e-08, 0.6991244554519653, 0.7150000333786011, 0.026981035247445107], [0.0, 0.0, 0.0, 1.0]], "file_path": "images/28", "depth_path": "images/28.depth.png"}, {"transform_matrix": [[0.9936131238937378, 0.07955201715230942, -0.0800267681479454, 0.06330344080924988], [-0.11283973604440689, 0.7004972696304321, -0.7046777606010437, -0.5499629974365234], [-4.196873959472214e-09, 0.7092073559761047, 0.7049999833106995, 0.020981036126613617], [0.0, 0.0, 0.0, 1.0]], "file_path": "images/29", "depth_path": "images/29.depth.png"}, {"transform_matrix": [[-0.8088816404342651, 0.40864014625549316, -0.4227572977542877, -0.14233487844467163], [-0.5879715085029602, -0.5621726512908936, 0.5815938711166382, 0.22179989516735077], [4.993585545065571e-10, 0.7190098166465759, 0.6949998736381531, 0.014981036074459553], [0.0, 0.0, 0.0, 1.0]], "file_path": "images/30", "depth_path": "images/30.depth.png"}, {"transform_matrix": [[0.199274942278862, -0.6712613701820374, 0.713931143283844, 0.539678156375885], [0.979943573474884, 0.13650333881378174, -0.14518040418624878, -0.2142646163702011], [1.7784900663286862e-08, 0.7285430431365967, 0.6850000023841858, 0.008981036022305489], [0.0, 0.0, 0.0, 1.0]], "file_path": "images/31", "depth_path": "images/31.depth.png"}, {"transform_matrix": [[0.5150031447410583, 0.5786020159721375, -0.6324487328529358, -0.268149733543396], [-0.8571882843971252, 0.34762701392173767, -0.3799785077571869, -0.3551434278488159], [-5.880126963120347e-08, 0.7378177046775818, 0.6749999523162842, 0.0029810357373207808], [0.0, 0.0, 0.0, 1.0]], "file_path": "images/32", "depth_path": "images/32.depth.png"}, {"transform_matrix": [[-0.958769679069519, -0.18898248672485352, 0.21224111318588257, 0.2386641800403595], [0.28418421745300293, -0.6375817656517029, 0.7160508036613464, 0.30247411131858826], [-4.023326560798068e-09, 0.7468433380126953, 0.6649999618530273, -0.0030189643148332834], [0.0, 0.0, 0.0, 1.0]], "file_path": "images/33", "depth_path": "images/33.depth.png"}, {"transform_matrix": [[0.8989306688308716, -0.2869495451450348, 0.3310341536998749, 0.30994001030921936], [0.4380909502506256, 0.5887995362281799, -0.6792579293251038, -0.5347111225128174], [-1.2223514644915667e-08, 0.7556288838386536, 0.6549999117851257, -0.009018964134156704], [0.0, 0.0, 0.0, 1.0]], "file_path": "images/34", "depth_path": "images/34.depth.png"}, {"transform_matrix": [[-0.36691728234291077, 0.6000134944915771, -0.7108835577964783, -0.31521064043045044], [-0.9302535653114319, -0.23666155338287354, 0.2803918421268463, 0.041078731417655945], [8.803971951465428e-08, 0.7641826272010803, 0.6449998617172241, -0.015018964186310768], [0.0, 0.0, 0.0, 1.0]], "file_path": "images/35", "depth_path": "images/35.depth.png"}, {"transform_matrix": [[-0.3578239679336548, -0.5929560661315918, 0.721363365650177, 0.5441375374794006], [0.9337890148162842, -0.22721831500530243, 0.2764233350753784, 0.03869761899113655], [8.477939417161906e-08, 0.7725121378898621, 0.6350000500679016, -0.021018965169787407], [0.0, 0.0, 0.0, 1.0]], "file_path": "images/36", "depth_path": "images/36.depth.png"}, {"transform_matrix": [[0.8946136832237244, 0.2792752981185913, -0.3488147258758545, -0.09796933829784393], [-0.44684046506881714, 0.5591335296630859, -0.6983575820922852, -0.5461708903312683], [-2.287961820002238e-09, 0.7806247472763062, 0.625, -0.027018964290618896], [0.0, 0.0, 0.0, 1.0]], "file_path": "images/37", "depth_path": "images/37.depth.png"}, {"transform_matrix": [[-0.9614965915679932, 0.169012188911438, -0.21670030057430267, -0.018700698390603065], [-0.27481651306152344, -0.5913205146789551, 0.7581661939620972, 0.3277433514595032], [-3.1768772057461092e-09, 0.7885270714759827, 0.6150000095367432, -0.033018965274095535], [0.0, 0.0, 0.0, 1.0]], "file_path": "images/38", "depth_path": "images/38.depth.png"}, {"transform_matrix": [[0.523341715335846, -0.5155343413352966, 0.6784818768501282, 0.5184086561203003], [0.8521227836608887, 0.3166218101978302, -0.41669803857803345, -0.3771751821041107], [-2.8873630153469776e-09, 0.7962254285812378, 0.6050000190734863, -0.039018962532281876], [0.0, 0.0, 0.0, 1.0]], "file_path": "images/39", "depth_path": "images/39.depth.png"}, {"transform_matrix": [[0.1897047460079193, 0.5841954946517944, -0.7891309857368469, -0.3621591031551361], [-0.9818412065505981, 0.11287432163953781, -0.15247057378292084, -0.21863871812820435], [9.478853257860465e-10, 0.8037257194519043, 0.5949999690055847, -0.045018963515758514], [0.0, 0.0, 0.0, 1.0]], "file_path": "images/40", "depth_path": "images/40.depth.png"}, {"transform_matrix": [[-0.8031066656112671, -0.34856370091438293, 0.4832422435283661, 0.40126490592956543], [0.5958353281021118, -0.46981745958328247, 0.6513462066650391, 0.26365137100219727], [1.4308897178239022e-08, 0.8110332489013672, 0.5850000977516174, -0.05101896449923515], [0.0, 0.0, 0.0, 1.0]], "file_path": "images/41", "depth_path": "images/41.depth.png"}, {"transform_matrix": [[0.9946667551994324, -0.05930563807487488, 0.08438453078269958, 0.1619502156972885], [0.10314022749662399, 0.5719334483146667, -0.8137900233268738, -0.6154303550720215], [1.868089016809904e-09, 0.8181533813476562, 0.574999988079071, -0.05701896548271179], [0.0, 0.0, 0.0, 1.0]], "file_path": "images/42", "depth_path": "images/42.depth.png"}, {"transform_matrix": [[-0.6637662649154663, 0.4225861430168152, -0.6171185374259949, -0.25895169377326965], [-0.7479400634765625, -0.37502798438072205, 0.5476675033569336, 0.2014440894126892], [-2.730657300276107e-08, 0.8250908851623535, 0.565000057220459, -0.06301896274089813], [0.0, 0.0, 0.0, 1.0]], "file_path": "images/43", "depth_path": "images/43.depth.png"}, {"transform_matrix": [[-0.015785913914442062, -0.5549308061599731, 0.8317466974258423, 0.6103675365447998], [0.9998753070831299, -0.00876123271882534, 0.013131487183272839, -0.1192774698138237], [5.9049121148291306e-08, 0.8318503499031067, 0.5550000071525574, -0.06901896744966507], [0.0, 0.0, 0.0, 1.0]], "file_path": "images/44", "depth_path": "images/44.depth.png"}, {"transform_matrix": [[0.6870461702346802, 0.39600449800491333, -0.6092191338539124, -0.25421202182769775], [-0.7266137599945068, 0.37444019317626953, -0.5760441422462463, -0.4727828800678253], [3.770123413460169e-08, 0.8384360074996948, 0.5449999570846558, -0.07501896470785141], [0.0, 0.0, 0.0, 1.0]], "file_path": "images/45", "depth_path": "images/45.depth.png"}, {"transform_matrix": [[-0.9974269270896912, -0.038353875279426575, 0.06056700274348259, 0.14765967428684235], [0.07168947160243988, -0.5336235165596008, 0.8426782488822937, 0.3784506022930145], [-1.201686083973641e-09, 0.8448520302772522, 0.5350000262260437, -0.08101896196603775], [0.0, 0.0, 0.0, 1.0]], "file_path": "images/46", "depth_path": "images/46.depth.png"}, {"transform_matrix": [[0.7838971614837646, -0.32596760988235474, 0.5284414291381836, 0.42838436365127563], [0.6208906769752502, 0.4115460515022278, -0.6671766042709351, -0.5274623036384583], [-2.9404505497154787e-08, 0.8511022329330444, 0.5250000357627869, -0.08701896667480469], [0.0, 0.0, 0.0, 1.0]], "file_path": "images/47", "depth_path": "images/47.depth.png"}, {"transform_matrix": [[-0.15861570835113525, 0.5084802508354187, -0.8463385105133057, -0.3964836001396179], [-0.9873403906822205, -0.0816870704293251, 0.13596384227275848, -0.04557804763317108], [1.3364676476612658e-08, 0.8571901917457581, 0.5149999260902405, -0.09301896393299103], [0.0, 0.0, 0.0, 1.0]], "file_path": "images/48", "depth_path": "images/48.depth.png"}, {"transform_matrix": [[-0.5499805212020874, -0.42176464200019836, 0.7208578586578369, 0.5438342094421387], [0.835177481174469, -0.27774012088775635, 0.4746988117694855, 0.15766297280788422], [-9.34179489320286e-09, 0.86311936378479, 0.5049999952316284, -0.09901896119117737], [0.0, 0.0, 0.0, 1.0]], "file_path": "images/49", "depth_path": "images/49.depth.png"}, {"transform_matrix": [[0.9696928262710571, 0.12094202637672424, -0.2122943103313446, -0.016057083383202553], [-0.2443273365497589, 0.479997843503952, -0.8425593376159668, -0.6326919198036194], [-2.238152063682719e-08, 0.8688929677009583, 0.4949999153614044, -0.1050189658999443], [0.0, 0.0, 0.0, 1.0]], "file_path": "images/50", "depth_path": "images/50.depth.png"}, {"transform_matrix": [[-0.8800619840621948, 0.2303064912557602, -0.41527074575424194, -0.13784290850162506], [-0.4748587906360626, -0.4268300235271454, 0.7696266770362854, 0.3346196711063385], [2.5530582092869736e-09, 0.8745141625404358, 0.48499995470046997, -0.11101896315813065], [0.0, 0.0, 0.0, 1.0]], "file_path": "images/51", "depth_path": "images/51.depth.png"}, {"transform_matrix": [[0.3281679153442383, -0.4486941397190094, 0.8312516808509827, 0.6100704669952393], [0.9446194171905518, 0.15587975084781647, -0.28878310322761536, -0.3004262149333954], [-1.5565305488962622e-08, 0.8799858093261719, 0.47499993443489075, -0.11701896786689758], [0.0, 0.0, 0.0, 1.0]], "file_path": "images/52", "depth_path": "images/52.depth.png"}, {"transform_matrix": [[0.39610031247138977, 0.42696622014045715, -0.8128987550735474, -0.37641969323158264], [-0.9182072281837463, 0.18418656289577484, -0.3506718575954437, -0.3375595211982727], [-1.5668062403051408e-08, 0.8853107690811157, 0.46499982476234436, -0.12301896512508392], [0.0, 0.0, 0.0, 1.0]], "file_path": "images/53", "depth_path": "images/53.depth.png"}, {"transform_matrix": [[-0.9123121500015259, -0.18632039427757263, 0.3646521270275116, 0.3301107883453369], [0.40949541330337524, -0.4151019752025604, 0.8124061822891235, 0.3602873682975769], [-1.212650424520234e-08, 0.8904914855957031, 0.4549998939037323, -0.12901896238327026], [0.0, 0.0, 0.0, 1.0]], "file_path": "images/54", "depth_path": "images/54.depth.png"}, {"transform_matrix": [[0.9493207931518555, -0.13986742496490479, 0.28147315979003906, 0.2802034020423889], [0.31430885195732117, 0.42244771122932434, -0.8501457571983337, -0.6372438073158264], [-3.237465406868978e-09, 0.8955305814743042, 0.44499993324279785, -0.1350189596414566], [0.0, 0.0, 0.0, 1.0]], "file_path": "images/55", "depth_path": "images/55.depth.png"}, {"transform_matrix": [[-0.4876868724822998, 0.37976303696632385, -0.7860925793647766, -0.3603360056877136], [-0.8730186223983765, -0.2121436595916748, 0.43912816047668457, 0.1363205909729004], [9.442502602041714e-08, 0.9004305005073547, 0.43499988317489624, -0.14101895689964294], [0.0, 0.0, 0.0, 1.0]], "file_path": "images/56", "depth_path": "images/56.depth.png"}, {"transform_matrix": [[-0.2301102876663208, -0.41359493136405945, 0.8809020519256592, 0.6398607492446899], [0.9731645584106445, -0.09779667854309082, 0.20829437673091888, -0.0021797455847263336], [-2.017350055893985e-07, 0.9051933884620667, 0.4249999225139618, -0.14701896905899048], [0.0, 0.0, 0.0, 1.0]], "file_path": "images/57", "depth_path": "images/57.depth.png"}, {"transform_matrix": [[0.827039361000061, 0.23328973352909088, -0.5114506483078003, -0.19555087387561798], [-0.5621440410614014, 0.3432212173938751, -0.7524581551551819, -0.5786312222480774], [-4.46421921651563e-08, 0.9098213911056519, 0.41499990224838257, -0.15301896631717682], [0.0, 0.0, 0.0, 1.0]], "file_path": "images/58", "depth_path": "images/58.depth.png"}, {"transform_matrix": [[-0.9895558953285217, 0.058380547910928726, -0.13179832696914673, 0.032240454107522964], [-0.1441495269536972, -0.40077000856399536, 0.9047675728797913, 0.4157041311264038], [9.12175668332793e-09, 0.9143167734146118, 0.40499985218048096, -0.15901896357536316], [0.0, 0.0, 0.0, 1.0]], "file_path": "images/59", "depth_path": "images/59.depth.png"}, {"transform_matrix": [[0.6322959661483765, -0.30601707100868225, 0.7117270231246948, 0.5383556485176086], [0.774726927280426, 0.24975675344467163, -0.5808784365653992, -0.47568342089653015], [7.783514632819788e-08, 0.9186812043190002, 0.3949998617172241, -0.1650189608335495], [0.0, 0.0, 0.0, 1.0]], "file_path": "images/60", "depth_path": "images/60.depth.png"}, {"transform_matrix": [[0.057085055857896805, 0.3843720853328705, -0.9214115738868713, -0.44152745604515076], [-0.9983693361282349, 0.021977832540869713, -0.05268470570445061, -0.15876717865467072], [9.780914922430384e-08, 0.92291659116745, 0.3849998712539673, -0.17101895809173584], [0.0, 0.0, 0.0, 1.0]], "file_path": "images/61", "depth_path": "images/61.depth.png"}, {"transform_matrix": [[-0.7164815664291382, -0.26160213351249695, 0.6466981768608093, 0.49933838844299316], [0.6976060271263123, -0.26868030428886414, 0.664196252822876, 0.2713613510131836], [-9.091995423204935e-08, 0.9270248413085938, 0.3749997615814209, -0.17701897025108337], [0.0, 0.0, 0.0, 1.0]], "file_path": "images/62", "depth_path": "images/62.depth.png"}, {"transform_matrix": [[0.9995372891426086, 0.011102095246315002, -0.02831818349659443, 0.09432858973741531], [-0.030416706576943398, 0.3648310601711273, -0.930576741695404, -0.6855024099349976], [5.530578217616267e-10, 0.9310075640678406, 0.3649999499320984, -0.18301896750926971], [0.0, 0.0, 0.0, 1.0]], "file_path": "images/63", "depth_path": "images/63.depth.png"}, {"transform_matrix": [[-0.7575739026069641, 0.23172599077224731, -0.6102334260940552, -0.2548205554485321], [-0.6527494192123413, -0.2689386010169983, 0.7082303762435913, 0.2977818250656128], [5.6091760569643156e-08, 0.9348663687705994, 0.3549998700618744, -0.18901896476745605], [0.0, 0.0, 0.0, 1.0]], "file_path": "images/64", "depth_path": "images/64.depth.png"}, {"transform_matrix": [[0.11768549680709839, -0.34260261058807373, 0.9320802092552185, 0.6705676317214966], [0.9930509328842163, 0.04060155153274536, -0.11045990139245987, -0.1934323012828827], [-4.9378655830878415e-08, 0.9386026859283447, 0.3450000584125519, -0.1950189620256424], [0.0, 0.0, 0.0, 1.0]], "file_path": "images/65", "depth_path": "images/65.depth.png"}, {"transform_matrix": [[0.5840185880661011, 0.2719328701496124, -0.7648364305496216, -0.3475823402404785], [-0.8117402791976929, 0.1956462413072586, -0.5502728223800659, -0.45732009410858154], [9.436154613240433e-08, 0.9422181844711304, 0.3349998891353607, -0.20101895928382874], [0.0, 0.0, 0.0, 1.0]], "file_path": "images/66", "depth_path": "images/66.depth.png"}, {"transform_matrix": [[-0.9789597392082214, -0.06631726026535034, 0.1929759681224823, 0.2271050214767456], [0.20405319333076477, -0.3181617856025696, 0.925815999507904, 0.4283332824707031], [-1.2487568756824885e-09, 0.945713996887207, 0.3249998688697815, -0.20701897144317627], [0.0, 0.0, 0.0, 1.0]], "file_path": "images/67", "depth_path": "images/67.depth.png"}, {"transform_matrix": [[0.8596903681755066, -0.16090679168701172, 0.48481079936027527, 0.4022059142589569], [0.5108155608177185, 0.2708023190498352, -0.8159250020980835, -0.6167113184928894], [-1.2057078890848061e-08, 0.9490917325019836, 0.3149998188018799, -0.2130189687013626], [0.0, 0.0, 0.0, 1.0]], "file_path": "images/68", "depth_path": "images/68.depth.png"}, {"transform_matrix": [[-0.2888581156730652, 0.29199838638305664, -0.9117554426193237, -0.43573376536369324], [-0.9573719501495361, -0.08810175955295563, 0.2750946879386902, 0.03790044039487839], [-5.543867231949662e-08, 0.9523523449897766, 0.3049999475479126, -0.21901896595954895], [0.0, 0.0, 0.0, 1.0]], "file_path": "images/69", "depth_path": "images/69.depth.png"}, {"transform_matrix": [[-0.4337005615234375, -0.2658117413520813, 0.8609575629234314, 0.6278940439224243], [0.9010570049285889, -0.1279415339231491, 0.41439977288246155, 0.1214834451675415], [-9.510480936114618e-08, 0.9554973244667053, 0.2949998378753662, -0.2250189632177353], [0.0, 0.0, 0.0, 1.0]], "file_path": "images/70", "depth_path": "images/70.depth.png"}, {"transform_matrix": [[0.9284524917602539, 0.10586356371641159, -0.3560459613800049, -0.10230807960033417], [-0.37145093083381653, 0.26460906863212585, -0.8899472951889038, -0.6611247658729553], [-1.5815507792282801e-09, 0.9585274457931519, 0.28500011563301086, -0.23101896047592163], [0.0, 0.0, 0.0, 1.0]], "file_path": "images/71", "depth_path": "images/71.depth.png"}, {"transform_matrix": [[-0.9355235695838928, 0.09714764356613159, -0.3396439552307129, -0.09246686846017838], [-0.35326436161994934, -0.2572688162326813, 0.8994536995887756, 0.41251587867736816], [4.671817186580052e-12, 0.9614441990852356, 0.27499982714653015, -0.23701895773410797], [0.0, 0.0, 0.0, 1.0]], "file_path": "images/72", "depth_path": "images/72.depth.png"}, {"transform_matrix": [[0.4511992931365967, -0.23649205267429352, 0.860517680644989, 0.6276301145553589], [0.8924232125282288, 0.11956776678562164, -0.43506819009780884, -0.38819730281829834], [-7.0449450717546824e-09, 0.9642484188079834, 0.2649998962879181, -0.2430189698934555], [0.0, 0.0, 0.0, 1.0]], "file_path": "images/73", "depth_path": "images/73.depth.png"}, {"transform_matrix": [[0.27012261748313904, 0.24552054703235626, -0.9309958815574646, -0.4472780227661133], [-0.9628258347511292, 0.06888123601675034, -0.2611926794052124, -0.2838720679283142], [-2.4970807643853732e-08, 0.9669410586357117, 0.25499990582466125, -0.24901896715164185], [0.0, 0.0, 0.0, 1.0]], "file_path": "images/74", "depth_path": "images/74.depth.png"}, {"transform_matrix": [[-0.8495597839355469, -0.12923553586006165, 0.511415958404541, 0.41816917061805725], [0.5274922847747803, -0.20814190804958344, 0.8236678838729858, 0.3670442998409271], [-7.074886809732561e-08, 0.9695230722427368, 0.24499976634979248, -0.255018949508667], [0.0, 0.0, 0.0, 1.0]], "file_path": "images/75", "depth_path": "images/75.depth.png"}, {"transform_matrix": [[0.9827549457550049, -0.04345452040433884, 0.17973440885543823, 0.21916013956069946], [0.1849128156900406, 0.23094742000102997, -0.9552332162857056, -0.7002962827682495], [5.614571030321258e-09, 0.9719953536987305, 0.23499999940395355, -0.2610189616680145], [0.0, 0.0, 0.0, 1.0]], "file_path": "images/76", "depth_path": "images/76.depth.png"}, {"transform_matrix": [[-0.5997461676597595, 0.18004266917705536, -0.7796724438667297, -0.35648399591445923], [-0.8001903295516968, -0.13494278490543365, 0.5843679904937744, 0.22346435487270355], [-1.0641291403601372e-08, 0.9743587970733643, 0.2249998152256012, -0.26701897382736206], [0.0, 0.0, 0.0, 1.0]], "file_path": "images/77", "depth_path": "images/77.depth.png"}, {"transform_matrix": [[-0.09828676283359528, -0.2139589786529541, 0.9718854427337646, 0.6944507360458374], [0.9951581358909607, -0.02113165333867073, 0.09598822891712189, -0.06956341862678528], [1.927396908740775e-09, 0.9766140580177307, 0.2149999737739563, -0.2730189561843872], [0.0, 0.0, 0.0, 1.0]], "file_path": "images/78", "depth_path": "images/78.depth.png"}, {"transform_matrix": [[0.7446932792663574, 0.13681843876838684, -0.6532324552536011, -0.2806200087070465], [-0.6674068570137024, 0.15266217291355133, -0.7288774251937866, -0.5644828081130981], [1.5429534983013582e-08, 0.9787619709968567, 0.20500005781650543, -0.27901896834373474], [0.0, 0.0, 0.0, 1.0]], "file_path": "images/79", "depth_path": "images/79.depth.png"}, {"transform_matrix": [[-0.9999405145645142, 0.0021270737051963806, -0.010698662139475346, 0.10490034520626068], [-0.010908061638474464, -0.19498860836029053, 0.9807448387145996, 0.4612905979156494], [-7.220136710728298e-10, 0.9808031916618347, 0.19500021636486053, -0.2850189507007599], [0.0, 0.0, 0.0, 1.0]], "file_path": "images/80", "depth_path": "images/80.depth.png"}, {"transform_matrix": [[0.7299566864967346, -0.1264462023973465, 0.6716952919960022, 0.5143366456031799], [0.6834933757781982, 0.13504181802272797, -0.7173566222190857, -0.5575703382492065], [6.275197961258527e-08, 0.9827384948730469, 0.18499985337257385, -0.2910189628601074], [0.0, 0.0, 0.0, 1.0]], "file_path": "images/81", "depth_path": "images/81.depth.png"}, {"transform_matrix": [[-0.07655423134565353, 0.17448632419109344, -0.9816791415214539, -0.4776879847049713], [-0.9970654249191284, -0.013397038914263248, 0.07537287473678589, -0.08193257451057434], [-5.786204582136634e-08, 0.9845684170722961, 0.1749998927116394, -0.29701897501945496], [0.0, 0.0, 0.0, 1.0]], "file_path": "images/82", "depth_path": "images/82.depth.png"}, {"transform_matrix": [[-0.6170591711997986, -0.12984125316143036, 0.7761309146881104, 0.5769979953765869], [0.7869166731834412, -0.10181470960378647, 0.6086015701293945, 0.23800459504127502], [-4.778982187758629e-08, 0.9862935543060303, 0.16499996185302734, -0.3030189573764801], [0.0, 0.0, 0.0, 1.0]], "file_path": "images/83", "depth_path": "images/83.depth.png"}, {"transform_matrix": [[0.9865548610687256, 0.02533169463276863, -0.1614552140235901, 0.014446374960243702], [-0.1634303480386734, 0.1529158651828766, -0.9746318459510803, -0.7119354605674744], [-1.2536437665744415e-08, 0.9879144430160522, 0.15499986708164215, -0.30901896953582764], [0.0, 0.0, 0.0, 1.0]], "file_path": "images/84", "depth_path": "images/84.depth.png"}, {"transform_matrix": [[-0.8378505110740662, 0.07915543019771576, -0.5401304960250854, -0.21275882422924042], [-0.5458997488021851, -0.12148825079202652, 0.8289958238601685, 0.3702411353588104], [1.541855176867557e-08, 0.9894316792488098, 0.1449999213218689, -0.3150189518928528], [0.0, 0.0, 0.0, 1.0]], "file_path": "images/85", "depth_path": "images/85.depth.png"}, {"transform_matrix": [[0.24905478954315186, -0.130745992064476, 0.9596234560012817, 0.6870935559272766], [0.968489408493042, 0.033622290939092636, -0.2467748522758484, -0.2752212882041931], [8.46296330792029e-08, 0.9908456206321716, 0.13499990105628967, -0.3210189640522003], [0.0, 0.0, 0.0, 1.0]], "file_path": "images/86", "depth_path": "images/86.depth.png"}, {"transform_matrix": [[0.47055989503860474, 0.11029605567455292, -0.8754473924636841, -0.4139489531517029], [-0.8823680281639099, 0.05882003530859947, -0.46686917543411255, -0.4072778522968292], [1.68923293131229e-08, 0.9921567440032959, 0.12500007450580597, -0.32701897621154785], [0.0, 0.0, 0.0, 1.0]], "file_path": "images/87", "depth_path": "images/87.depth.png"}, {"transform_matrix": [[-0.9430072903633118, -0.03826877102255821, 0.3305642902851105, 0.30965811014175415], [0.33277207612991333, -0.10844578593969345, 0.9367508888244629, 0.4348941743373871], [-2.5149373694688393e-09, 0.993365466594696, 0.11499995738267899, -0.333018958568573], [0.0, 0.0, 0.0, 1.0]], "file_path": "images/88", "depth_path": "images/88.depth.png"}, {"transform_matrix": [[0.9201284646987915, -0.0411197766661644, 0.3894517123699188, 0.3449905216693878], [0.39161646366119385, 0.09661350399255753, -0.9150422811508179, -0.6761817336082458], [3.988265717680406e-08, 0.9944722056388855, 0.10500002652406693, -0.33901897072792053], [0.0, 0.0, 0.0, 1.0]], "file_path": "images/89", "depth_path": "images/89.depth.png"}, {"transform_matrix": [[-0.4139411449432373, 0.08647875487804413, -0.906186580657959, -0.4323924779891968], [-0.9103036522865295, -0.03932437673211098, 0.41206902265548706, 0.12008499354124069], [-5.927147661566323e-09, 0.9954771995544434, 0.09499991685152054, -0.3450189530849457], [0.0, 0.0, 0.0, 1.0]], "file_path": "images/90", "depth_path": "images/90.depth.png"}, {"transform_matrix": [[-0.30967408418655396, -0.08082138001918793, 0.9474016427993774, 0.6797604560852051], [0.9508427381515503, -0.026322104036808014, 0.3085533678531647, 0.057975657284259796], [-1.0688526685953548e-07, 0.9963809251785278, 0.08499971032142639, -0.3510189652442932], [0.0, 0.0, 0.0, 1.0]], "file_path": "images/91", "depth_path": "images/91.depth.png"}, {"transform_matrix": [[0.870629072189331, 0.036895476281642914, -0.4905545711517334, -0.1830132007598877], [-0.49194008111953735, 0.06529715657234192, -0.8681769371032715, -0.648062527179718], [1.5895444960278837e-08, 0.9971835613250732, 0.07499996572732925, -0.35701897740364075], [0.0, 0.0, 0.0, 1.0]], "file_path": "images/92", "depth_path": "images/92.depth.png"}, {"transform_matrix": [[-0.974275529384613, 0.014648417010903358, -0.22488360106945038, -0.023610688745975494], [-0.2253601849079132, -0.06332796066999435, 0.9722151756286621, 0.45617276430130005], [-6.425564968992603e-09, 0.9978852868080139, 0.06500004976987839, -0.3630189597606659], [0.0, 0.0, 0.0, 1.0]], "file_path": "images/93", "depth_path": "images/93.depth.png"}, {"transform_matrix": [[0.5661718845367432, -0.045335810631513596, 0.8230395317077637, 0.6051432490348816], [0.8242872357368469, 0.03113948367536068, -0.5653148889541626, -0.46634525060653687], [-1.8535121881768646e-08, 0.9984862804412842, 0.05500003322958946, -0.3690189719200134], [0.0, 0.0, 0.0, 1.0]], "file_path": "images/94", "depth_path": "images/94.depth.png"}, {"transform_matrix": [[0.13932053744792938, 0.044560980051755905, -0.9892442226409912, -0.48222702741622925], [-0.9902473092079163, 0.006269392557442188, -0.13917940855026245, -0.21066401898860931], [-1.0900048863504708e-08, 0.9989869594573975, 0.044999852776527405, -0.3750189542770386], [0.0, 0.0, 0.0, 1.0]], "file_path": "images/95", "depth_path": "images/95.depth.png"}, {"transform_matrix": [[-0.7716332077980042, -0.02226230874657631, 0.6356780529022217, 0.4927263855934143], [0.636067807674408, -0.027007117867469788, 0.7711604237556458, 0.33553987741470337], [2.012330391210071e-08, 0.9993873238563538, 0.03499992564320564, -0.3810189664363861], [0.0, 0.0, 0.0, 1.0]], "file_path": "images/96", "depth_path": "images/96.depth.png"}, {"transform_matrix": [[0.9986358284950256, -0.001305345562286675, 0.052197735756635666, 0.14263813197612762], [0.05221404880285263, 0.02496572956442833, -0.9983237981796265, -0.726150631904602], [3.0771043491029104e-09, 0.9996874332427979, 0.02499983087182045, -0.38701897859573364], [0.0, 0.0, 0.0, 1.0]], "file_path": "images/97", "depth_path": "images/97.depth.png"}, {"transform_matrix": [[-0.7010930776596069, 0.010695913806557655, -0.7129894495010376, -0.3164742887020111], [-0.71306973695755, -0.010516324080526829, 0.7010141611099243, 0.29345211386680603], [-4.126581032437571e-08, 0.9998874068260193, 0.014999855309724808, -0.3930189609527588], [0.0, 0.0, 0.0, 1.0]], "file_path": "images/98", "depth_path": "images/98.depth.png"}, {"transform_matrix": [[0.035292401909828186, -0.00499681755900383, 0.9993645548820496, 0.7109382152557373], [0.9993770122528076, 0.000176400484633632, -0.03529196232557297, -0.14833149313926697], [5.9104760197215e-08, 0.9999874234199524, 0.004999930504709482, -0.3990189731121063], [0.0, 0.0, 0.0, 1.0]], "file_path": "images/99", "depth_path": "images/99.depth.png"}], "integer_depth_scale": 4.5777065690089265e-05, "aabb": [[0.004736453294754028, -0.23014235496520996, -0.5070368051528931], [0.20473644137382507, -0.03014235943555832, -0.2870367765426636]]}