{
    "cx": 330.70587158203125,
    "cy": 252.82582092285156,
    "depth_scale": 65.53500311274547,
    "fl_x": 608.7337646484375,
    "fl_y": 608.7919921875,
    "frames": [
        {
            "file_path": "images/0",
            "transform_matrix": [
                [
                    1.0,
                    0.0,
                    0.0,
                    0.0
                ],
                [
                    0.0,
                    1.0,
                    0.0,
                    0.0
                ],
                [
                    0.0,
                    0.0,
                    1.0,
                    0.0
                ],
                [
                    0.0,
                    0.0,
                    0.0,
                    1.0
                ]
            ]
        },
        {
            "file_path": "images/4",
            "transform_matrix": [
                [
                    0.9999944567680359,
                    0.0032588595058768988,
                    0.000701206037774682,
                    0.001486483495682478
                ],
                [
                    -0.003259756602346897,
                    0.9999938607215881,
                    0.001282110228203237,
                    0.011290999129414558
                ],
                [
                    -0.0006970235262997448,
                    -0.0012843887088820338,
                    0.999998927116394,
                    0.003428268013522029
                ],
                [
                    0.0,
                    0.0,
                    0.0,
                    1.0
                ]
            ]
        },
        {
            "file_path": "images/8",
            "transform_matrix": [
                [
                    0.9993786811828613,
                    0.0019102864898741245,
                    0.03519634157419205,
                    -0.008627698756754398
                ],
                [
                    -0.0025935436133295298,
                    0.9998088479042053,
                    0.019377311691641808,
                    0.021525567397475243
                ],
                [
                    -0.035152602940797806,
                    -0.01945655420422554,
                    0.9991925954818726,
                    0.010039729066193104
                ],
                [
                    0.0,
                    0.0,
                    0.0,
                    1.0000001192092896
                ]
            ]
        },
        {
            "file_path": "images/12",
            "transform_matrix": [
                [
                    0.9994947910308838,
                    -0.01982949860394001,
                    0.024838754907250404,
                    -0.012972750701010227
                ],
                [
                    0.018789146095514297,
                    0.9989643692970276,
                    0.04143961891531944,
                    0.014080774039030075
                ],
                [
                    -0.025634756311774254,
                    -0.04095198214054108,
                    0.9988322257995605,
                    0.013380374759435654
                ],
                [
                    0.0,
                    0.0,
                    0.0,
                    1.0
                ]
            ]
        },
        {
            "file_path": "images/16",
            "transform_matrix": [
                [
                    0.9994059205055237,
                    -0.02657310850918293,
                    0.02194736711680889,
                    -0.010248405858874321
                ],
                [
                    0.02572084218263626,
                    0.9989374876022339,
                    0.03824193403124809,
                    0.01424021739512682
                ],
                [
                    -0.0229402557015419,
                    -0.037654709070920944,
                    0.9990274906158447,
                    0.01152940932661295
                ],
                [
                    0.0,
                    0.0,
                    0.0,
                    1.0
                ]
            ]
        },
        {
            "file_path": "images/20",
            "transform_matrix": [
                [
                    0.9992916584014893,
                    -0.027921773493289948,
                    0.025231996551156044,
                    -0.012448697350919247
                ],
                [
                    0.02721782773733139,
                    0.9992422461509705,
                    0.027824560180306435,
                    0.013157042674720287
                ],
                [
                    -0.02598978579044342,
                    -0.02711808867752552,
                    0.9992943406105042,
                    0.006409810855984688
                ],
                [
                    0.0,
                    0.0,
                    0.0,
                    1.0
                ]
            ]
        },
        {
            "file_path": "images/24",
            "transform_matrix": [
                [
                    0.9993396401405334,
                    -0.030808595940470695,
                    0.01926531083881855,
                    -0.005413894075900316
                ],
                [
                    0.030332377180457115,
                    0.9992386102676392,
                    0.02454095333814621,
                    0.014382771216332912
                ],
                [
                    -0.020006712526082993,
                    -0.02394038438796997,
                    0.9995132684707642,
                    0.007485680747777224
                ],
                [
                    0.0,
                    0.0,
                    0.0,
                    1.0000001192092896
                ]
            ]
        },
        {
            "file_path": "images/28",
            "transform_matrix": [
                [
                    0.9992237091064453,
                    -0.027968022972345352,
                    0.02774525247514248,
                    -0.006370321847498417
                ],
                [
                    0.02734902873635292,
                    0.9993739128112793,
                    0.02244400605559349,
                    0.015895245596766472
                ],
                [
                    -0.02835559844970703,
                    -0.021667776629328728,
                    0.9993630647659302,
                    0.00951426476240158
                ],
                [
                    0.0,
                    0.0,
                    0.0,
                    1.0
                ]
            ]
        },
        {
            "file_path": "images/32",
            "transform_matrix": [
                [
                    0.9990200996398926,
                    -0.02297595515847206,
                    0.03782827407121658,
                    -0.008923381567001343
                ],
                [
                    0.022310756146907806,
                    0.9995905756950378,
                    0.01791394129395485,
                    0.012132959440350533
                ],
                [
                    -0.03822438046336174,
                    -0.017052410170435905,
                    0.9991236925125122,
                    0.011408064514398575
                ],
                [
                    0.0,
                    0.0,
                    0.0,
                    1.0
                ]
            ]
        },
        {
            "file_path": "images/36",
            "transform_matrix": [
                [
                    0.9978882670402527,
                    -0.028579650446772575,
                    0.05832811817526817,
                    -0.019150465726852417
                ],
                [
                    0.02796974778175354,
                    0.9995455145835876,
                    0.01124633476138115,
                    0.009484982118010521
                ],
                [
                    -0.05862302705645561,
                    -0.009591163136065006,
                    0.9982340931892395,
                    0.009913962334394455
                ],
                [
                    0.0,
                    0.0,
                    0.0,
                    0.9999999403953552
                ]
            ]
        },
        {
            "file_path": "images/40",
            "transform_matrix": [
                [
                    0.9971494674682617,
                    -0.042016901075839996,
                    0.06266937404870987,
                    -0.03653240203857422
                ],
                [
                    0.04203331097960472,
                    0.9991156458854675,
                    0.0010570681188255548,
                    0.013111359439790249
                ],
                [
                    -0.06265836954116821,
                    0.0015801467234268785,
                    0.9980338215827942,
                    0.0013556814519688487
                ],
                [
                    0.0,
                    0.0,
                    0.0,
                    1.0
                ]
            ]
        },
        {
            "file_path": "images/44",
            "transform_matrix": [
                [
                    0.9962066411972046,
                    -0.04607562720775604,
                    0.07382017374038696,
                    -0.05918049439787865
                ],
                [
                    0.044740304350852966,
                    0.998805582523346,
                    0.019642377272248268,
                    0.018221117556095123
                ],
                [
                    -0.0746370330452919,
                    -0.016265127807855606,
                    0.9970781207084656,
                    0.0024933686945587397
                ],
                [
                    0.0,
                    0.0,
                    0.0,
                    1.0000001192092896
                ]
            ]
        },
        {
            "file_path": "images/48",
            "transform_matrix": [
                [
                    0.9952719807624817,
                    -0.050428591668605804,
                    0.08301016688346863,
                    -0.08425815403461456
                ],
                [
                    0.04767433553934097,
                    0.9982553124427795,
                    0.03483526036143303,
                    0.01746170036494732
                ],
                [
                    -0.08462203294038773,
                    -0.030713103711605072,
                    0.9959396719932556,
                    0.005227702669799328
                ],
                [
                    0.0,
                    0.0,
                    0.0,
                    1.0
                ]
            ]
        },
        {
            "file_path": "images/52",
            "transform_matrix": [
                [
                    0.9954932928085327,
                    -0.04580705985426903,
                    0.08303535729646683,
                    -0.10916087031364441
                ],
                [
                    0.04205714538693428,
                    0.9980390071868896,
                    0.046361349523067474,
                    0.018215065822005272
                ],
                [
                    -0.08499620109796524,
                    -0.0426601842045784,
                    0.9954676628112793,
                    0.008786659687757492
                ],
                [
                    0.0,
                    0.0,
                    0.0,
                    1.0
                ]
            ]
        },
        {
            "file_path": "images/56",
            "transform_matrix": [
                [
                    0.9956657290458679,
                    -0.051003314554691315,
                    0.07777216285467148,
                    -0.1279744952917099
                ],
                [
                    0.04677445814013481,
                    0.9973757863044739,
                    0.05526070296764374,
                    0.0140672717243433
                ],
                [
                    -0.08038654923439026,
                    -0.05138343945145607,
                    0.9954385161399841,
                    0.016225557774305344
                ],
                [
                    0.0,
                    0.0,
                    0.0,
                    1.0
                ]
            ]
        },
        {
            "file_path": "images/60",
            "transform_matrix": [
                [
                    0.9938523769378662,
                    -0.07282371073961258,
                    0.0833922028541565,
                    -0.14009137451648712
                ],
                [
                    0.06826969236135483,
                    0.9960815906524658,
                    0.056220777332782745,
                    0.005189844872802496
                ],
                [
                    -0.0871596410870552,
                    -0.05018199235200882,
                    0.9949297308921814,
                    0.030280182138085365
                ],
                [
                    0.0,
                    0.0,
                    0.0,
                    1.0000001192092896
                ]
            ]
        },
        {
            "file_path": "images/64",
            "transform_matrix": [
                [
                    0.9892597198486328,
                    -0.1026366800069809,
                    0.1040721908211708,
                    -0.16064265370368958
                ],
                [
                    0.09713644534349442,
                    0.9936591982841492,
                    0.05662141367793083,
                    -0.00037515786243602633
                ],
                [
                    -0.10922372341156006,
                    -0.04590407758951187,
                    0.9929566979408264,
                    0.04454970732331276
                ],
                [
                    0.0,
                    0.0,
                    0.0,
                    1.0
                ]
            ]
        },
        {
            "file_path": "images/68",
            "transform_matrix": [
                [
                    0.9853376150131226,
                    -0.1252480149269104,
                    0.11585673689842224,
                    -0.1768292337656021
                ],
                [
                    0.11814863979816437,
                    0.9907824397087097,
                    0.06626499444246292,
                    -0.011160162277519703
                ],
                [
                    -0.12308838218450546,
                    -0.05160507187247276,
                    0.9910531044006348,
                    0.05738004297018051
                ],
                [
                    0.0,
                    0.0,
                    0.0,
                    1.0
                ]
            ]
        },
        {
            "file_path": "images/72",
            "transform_matrix": [
                [
                    0.9778545498847961,
                    -0.13209916651248932,
                    0.16232775151729584,
                    -0.2224576622247696
                ],
                [
                    0.1217207983136177,
                    0.9899246096611023,
                    0.07234117388725281,
                    -0.025780541822314262
                ],
                [
                    -0.17024843394756317,
                    -0.05098048225045204,
                    0.9840815663337708,
                    0.06332315504550934
                ],
                [
                    0.0,
                    0.0,
                    0.0,
                    1.0
                ]
            ]
        },
        {
            "file_path": "images/76",
            "transform_matrix": [
                [
                    0.9733850359916687,
                    -0.13373275101184845,
                    0.186110720038414,
                    -0.24553269147872925
                ],
                [
                    0.1241246834397316,
                    0.9903022050857544,
                    0.062407564371824265,
                    -0.02702866867184639
                ],
                [
                    -0.19265177845954895,
                    -0.03764565289020538,
                    0.9805448055267334,
                    0.062430109828710556
                ],
                [
                    0.0,
                    0.0,
                    0.0,
                    1.0
                ]
            ]
        },
        {
            "file_path": "images/80",
            "transform_matrix": [
                [
                    0.9643129110336304,
                    -0.1559007167816162,
                    0.2139989733695984,
                    -0.27546387910842896
                ],
                [
                    0.14321736991405487,
                    0.9869475960731506,
                    0.07364273816347122,
                    -0.03361491486430168
                ],
                [
                    -0.22268672287464142,
                    -0.0403662733733654,
                    0.9740539789199829,
                    0.06987155973911285
                ],
                [
                    0.0,
                    0.0,
                    0.0,
                    1.0
                ]
            ]
        },
        {
            "file_path": "images/84",
            "transform_matrix": [
                [
                    0.951479434967041,
                    -0.18024519085884094,
                    0.2493962049484253,
                    -0.31508496403694153
                ],
                [
                    0.16620835661888123,
                    0.9831247329711914,
                    0.07642324268817902,
                    -0.03529655188322067
                ],
                [
                    -0.2589625120162964,
                    -0.03126341477036476,
                    0.9653812646865845,
                    0.07915657013654709
                ],
                [
                    0.0,
                    0.0,
                    0.0,
                    0.9999999403953552
                ]
            ]
        },
        {
            "file_path": "images/88",
            "transform_matrix": [
                [
                    0.9386123418807983,
                    -0.20448355376720428,
                    0.27783656120300293,
                    -0.35434791445732117
                ],
                [
                    0.18694598972797394,
                    0.9783746004104614,
                    0.08851135522127151,
                    -0.031187070533633232
                ],
                [
                    -0.2899273931980133,
                    -0.03113742358982563,
                    0.956541895866394,
                    0.09126261621713638
                ],
                [
                    0.0,
                    0.0,
                    0.0,
                    0.9999998807907104
                ]
            ]
        },
        {
            "file_path": "images/92",
            "transform_matrix": [
                [
                    0.9169268608093262,
                    -0.23442333936691284,
                    0.3229409158229828,
                    -0.4011910855770111
                ],
                [
                    0.21079973876476288,
                    0.9716756939888,
                    0.10681682825088501,
                    -0.02740849182009697
                ],
                [
                    -0.3388341963291168,
                    -0.029867347329854965,
                    0.9403719305992126,
                    0.10395053029060364
                ],
                [
                    0.0,
                    0.0,
                    0.0,
                    1.0
                ]
            ]
        },
        {
            "file_path": "images/96",
            "transform_matrix": [
                [
                    0.9012369513511658,
                    -0.2604397237300873,
                    0.34632813930511475,
                    -0.43882647156715393
                ],
                [
                    0.2288247048854828,
                    0.9647444486618042,
                    0.13002841174602509,
                    -0.035019006580114365
                ],
                [
                    -0.3679827153682709,
                    -0.037937965244054794,
                    0.929058313369751,
                    0.11460444331169128
                ],
                [
                    0.0,
                    0.0,
                    0.0,
                    1.0
                ]
            ]
        },
        {
            "file_path": "images/100",
            "transform_matrix": [
                [
                    0.8887403011322021,
                    -0.2754853665828705,
                    0.36639952659606934,
                    -0.46562790870666504
                ],
                [
                    0.24532577395439148,
                    0.9610198140144348,
                    0.12750013172626495,
                    -0.033661775290966034
                ],
                [
                    -0.3872416317462921,
                    -0.02342725545167923,
                    0.9216806888580322,
                    0.1215762123465538
                ],
                [
                    0.0,
                    0.0,
                    0.0,
                    1.0000001192092896
                ]
            ]
        },
        {
            "file_path": "images/104",
            "transform_matrix": [
                [
                    0.8739426136016846,
                    -0.2972285747528076,
                    0.384551078081131,
                    -0.4784232974052429
                ],
                [
                    0.2605533003807068,
                    0.954424262046814,
                    0.1455555111169815,
                    -0.03917312249541283
                ],
                [
                    -0.41028812527656555,
                    -0.027011094614863396,
                    0.9115558862686157,
                    0.13660666346549988
                ],
                [
                    0.0,
                    0.0,
                    0.0,
                    1.0000001192092896
                ]
            ]
        },
        {
            "file_path": "images/108",
            "transform_matrix": [
                [
                    0.860949695110321,
                    -0.3187812268733978,
                    0.3964139223098755,
                    -0.4845470190048218
                ],
                [
                    0.28220492601394653,
                    0.9476833343505859,
                    0.14918603003025055,
                    -0.05133482441306114
                ],
                [
                    -0.42323261499404907,
                    -0.016571683809161186,
                    0.9058693647384644,
                    0.15329000353813171
                ],
                [
                    0.0,
                    0.0,
                    0.0,
                    0.9999998807907104
                ]
            ]
        },
        {
            "file_path": "images/112",
            "transform_matrix": [
                [
                    0.8512225151062012,
                    -0.33580470085144043,
                    0.40330564975738525,
                    -0.49217042326927185
                ],
                [
                    0.3009316623210907,
                    0.9419152140617371,
                    0.14911708235740662,
                    -0.06850878149271011
                ],
                [
                    -0.429953932762146,
                    -0.0055643655359745026,
                    0.9028337001800537,
                    0.1775573492050171
                ],
                [
                    0.0,
                    0.0,
                    0.0,
                    1.0
                ]
            ]
        },
        {
            "file_path": "images/116",
            "transform_matrix": [
                [
                    0.8375172019004822,
                    -0.33656638860702515,
                    0.4304509162902832,
                    -0.5065197944641113
                ],
                [
                    0.3048561215400696,
                    0.9415907263755798,
                    0.1430721879005432,
                    -0.0848768800497055
                ],
                [
                    -0.4534618854522705,
                    0.011400182731449604,
                    0.8912027478218079,
                    0.2079440951347351
                ],
                [
                    0.0,
                    0.0,
                    0.0,
                    1.0
                ]
            ]
        },
        {
            "file_path": "images/120",
            "transform_matrix": [
                [
                    0.8211860060691833,
                    -0.35043543577194214,
                    0.45038706064224243,
                    -0.5203932523727417
                ],
                [
                    0.3164640963077545,
                    0.9364131093025208,
                    0.15159501135349274,
                    -0.09697780013084412
                ],
                [
                    -0.47487255930900574,
                    0.0180436372756958,
                    0.8798695802688599,
                    0.23667201399803162
                ],
                [
                    0.0,
                    0.0,
                    0.0,
                    1.0
                ]
            ]
        },
        {
            "file_path": "images/124",
            "transform_matrix": [
                [
                    0.8131105303764343,
                    -0.36850452423095703,
                    0.45061707496643066,
                    -0.523525059223175
                ],
                [
                    0.3297726511955261,
                    0.9295148253440857,
                    0.1650821566581726,
                    -0.11239113658666611
                ],
                [
                    -0.4796887934207916,
                    0.014371159486472607,
                    0.8773210048675537,
                    0.2575207054615021
                ],
                [
                    0.0,
                    0.0,
                    0.0,
                    1.0
                ]
            ]
        },
        {
            "file_path": "images/128",
            "transform_matrix": [
                [
                    0.8074593544006348,
                    -0.36165234446525574,
                    0.46606555581092834,
                    -0.5268572568893433
                ],
                [
                    0.3168469965457916,
                    0.932288408279419,
                    0.17448875308036804,
                    -0.12017863243818283
                ],
                [
                    -0.49761179089546204,
                    0.0067789251916110516,
                    0.8673734068870544,
                    0.27527323365211487
                ],
                [
                    0.0,
                    0.0,
                    0.0,
                    1.0000001192092896
                ]
            ]
        },
        {
            "file_path": "images/132",
            "transform_matrix": [
                [
                    0.791385293006897,
                    -0.36750227212905884,
                    0.488519549369812,
                    -0.5370333790779114
                ],
                [
                    0.3185374140739441,
                    0.9299651384353638,
                    0.1835719645023346,
                    -0.1327367126941681
                ],
                [
                    -0.5217693448066711,
                    0.010335627011954784,
                    0.8530240058898926,
                    0.2929705083370209
                ],
                [
                    0.0,
                    0.0,
                    0.0,
                    0.9999999403953552
                ]
            ]
        },
        {
            "file_path": "images/136",
            "transform_matrix": [
                [
                    0.7700402140617371,
                    -0.3809589147567749,
                    0.5117698311805725,
                    -0.5523387789726257
                ],
                [
                    0.3299635350704193,
                    0.9243459105491638,
                    0.1915951371192932,
                    -0.14280058443546295
                ],
                [
                    -0.5460422039031982,
                    0.02132941037416458,
                    0.8374861478805542,
                    0.3113739490509033
                ],
                [
                    0.0,
                    0.0,
                    0.0,
                    1.0
                ]
            ]
        },
        {
            "file_path": "images/140",
            "transform_matrix": [
                [
                    0.7450305223464966,
                    -0.40756088495254517,
                    0.5280376076698303,
                    -0.5740124583244324
                ],
                [
                    0.35354676842689514,
                    0.9125608205795288,
                    0.2055175006389618,
                    -0.1523026078939438
                ],
                [
                    -0.5656273365020752,
                    0.033569205552339554,
                    0.8239774107933044,
                    0.332668274641037
                ],
                [
                    0.0,
                    0.0,
                    0.0,
                    1.0000001192092896
                ]
            ]
        },
        {
            "file_path": "images/144",
            "transform_matrix": [
                [
                    0.7173435688018799,
                    -0.4319227635860443,
                    0.5466817617416382,
                    -0.597254753112793
                ],
                [
                    0.37102341651916504,
                    0.9009579420089722,
                    0.22498098015785217,
                    -0.16941681504249573
                ],
                [
                    -0.5897116661071777,
                    0.04144306853413582,
                    0.8065498471260071,
                    0.3568345904350281
                ],
                [
                    0.0,
                    0.0,
                    0.0,
                    1.0
                ]
            ]
        },
        {
            "file_path": "images/148",
            "transform_matrix": [
                [
                    0.6865519881248474,
                    -0.44663047790527344,
                    0.5737313628196716,
                    -0.6295914053916931
                ],
                [
                    0.3888586163520813,
                    0.8923051953315735,
                    0.22930432856082916,
                    -0.18125374615192413
                ],
                [
                    -0.6143577694892883,
                    0.06567099690437317,
                    0.7862899899482727,
                    0.37780600786209106
                ],
                [
                    0.0,
                    0.0,
                    0.0,
                    1.0
                ]
            ]
        },
        {
            "file_path": "images/152",
            "transform_matrix": [
                [
                    0.6653429269790649,
                    -0.46324673295021057,
                    0.58542400598526,
                    -0.6590068936347961
                ],
                [
                    0.4007687568664551,
                    0.8832463026046753,
                    0.2434343695640564,
                    -0.19850891828536987
                ],
                [
                    -0.6298437714576721,
                    0.07265234738588333,
                    0.7733165621757507,
                    0.39662498235702515
                ],
                [
                    0.0,
                    0.0,
                    0.0,
                    1.0
                ]
            ]
        },
        {
            "file_path": "images/156",
            "transform_matrix": [
                [
                    0.6453993320465088,
                    -0.4712865352630615,
                    0.6011227965354919,
                    -0.6848405003547668
                ],
                [
                    0.4053099453449249,
                    0.8783393502235413,
                    0.25346359610557556,
                    -0.21187391877174377
                ],
                [
                    -0.6474438309669495,
                    0.08005587756633759,
                    0.7578967809677124,
                    0.4156409502029419
                ],
                [
                    0.0,
                    0.0,
                    0.0,
                    1.0
                ]
            ]
        },
        {
            "file_path": "images/160",
            "transform_matrix": [
                [
                    0.6271871328353882,
                    -0.47704625129699707,
                    0.6156811118125916,
                    -0.7026915550231934
                ],
                [
                    0.40868908166885376,
                    0.8744845390319824,
                    0.26124727725982666,
                    -0.22226092219352722
                ],
                [
                    -0.6630305647850037,
                    0.08777127414941788,
                    0.7434290051460266,
                    0.4358915090560913
                ],
                [
                    0.0,
                    0.0,
                    0.0,
                    1.0
                ]
            ]
        },
        {
            "file_path": "images/164",
            "transform_matrix": [
                [
                    0.60782790184021,
                    -0.48392388224601746,
                    0.6295735836029053,
                    -0.7072755694389343
                ],
                [
                    0.4132354259490967,
                    0.8697970509529114,
                    0.26961034536361694,
                    -0.2386224865913391
                ],
                [
                    -0.6780721545219421,
                    0.09628549218177795,
                    0.7286613583564758,
                    0.4558112919330597
                ],
                [
                    0.0,
                    0.0,
                    0.0,
                    1.0
                ]
            ]
        },
        {
            "file_path": "images/168",
            "transform_matrix": [
                [
                    0.5895220041275024,
                    -0.48327353596687317,
                    0.6472329497337341,
                    -0.7103764414787292
                ],
                [
                    0.42825305461883545,
                    0.8663890957832336,
                    0.2568446397781372,
                    -0.23917429149150848
                ],
                [
                    -0.6848818063735962,
                    0.125763937830925,
                    0.7177188396453857,
                    0.4772883355617523
                ],
                [
                    0.0,
                    0.0,
                    0.0,
                    1.0
                ]
            ]
        },
        {
            "file_path": "images/172",
            "transform_matrix": [
                [
                    0.5678911805152893,
                    -0.4935596287250519,
                    0.6587097644805908,
                    -0.7073607444763184
                ],
                [
                    0.4381566047668457,
                    0.8587362766265869,
                    0.265689492225647,
                    -0.2496703863143921
                ],
                [
                    -0.6967914700508118,
                    0.13773536682128906,
                    0.7039251327514648,
                    0.5046337246894836
                ],
                [
                    0.0,
                    0.0,
                    0.0,
                    1.0
                ]
            ]
        },
        {
            "file_path": "images/176",
            "transform_matrix": [
                [
                    0.5532407164573669,
                    -0.49823087453842163,
                    0.6676007509231567,
                    -0.7098477482795715
                ],
                [
                    0.4462062418460846,
                    0.8539955019950867,
                    0.2675662934780121,
                    -0.256569504737854
                ],
                [
                    -0.7034378051757813,
                    0.14985905587673187,
                    0.6947788000106812,
                    0.5305072069168091
                ],
                [
                    0.0,
                    0.0,
                    0.0,
                    1.0000001192092896
                ]
            ]
        },
        {
            "file_path": "images/180",
            "transform_matrix": [
                [
                    0.5309402346611023,
                    -0.5218896865844727,
                    0.6676328778266907,
                    -0.7098392248153687
                ],
                [
                    0.45486247539520264,
                    0.8402504920959473,
                    0.2950921654701233,
                    -0.2703671157360077
                ],
                [
                    -0.7149843573570251,
                    0.1470048576593399,
                    0.6835108399391174,
                    0.5571158528327942
                ],
                [
                    0.0,
                    0.0,
                    0.0,
                    1.0000001192092896
                ]
            ]
        },
        {
            "file_path": "images/184",
            "transform_matrix": [
                [
                    0.518580973148346,
                    -0.5272061228752136,
                    0.6731473803520203,
                    -0.7142860293388367
                ],
                [
                    0.4593161642551422,
                    0.8358088135719299,
                    0.300752729177475,
                    -0.28076767921447754
                ],
                [
                    -0.7211812138557434,
                    0.15322290360927582,
                    0.6755889654159546,
                    0.5703707337379456
                ],
                [
                    0.0,
                    0.0,
                    0.0,
                    1.0
                ]
            ]
        },
        {
            "file_path": "images/188",
            "transform_matrix": [
                [
                    0.49758243560791016,
                    -0.5265312194824219,
